-250 0.015
0 0
27.9399 15
27.9399 30
27.9399 45
27.9399 60
27.9399 75
27.9399 90
27.9399 105
27.9399 120
57.9844 135
57.9844 150
57.9844 165
57.9844 180
57.9844 195
30.2283 210
38.2902 225
38.2902 240
42.1605 255
44.0085 270
43.4126 285
43.4126 300
75.3524 315
86.0592 330
120.84 345
139.206 360
172.549 375
194.791 390
207.393 405
208.647 420
210.704 435
207.777 450
209.23 465
207.681 480
212.802 495
210.309 510
215.561 525
212.098 540
213.816 555
211.398 570
212.5 585
210.014 600
211.498 615
209.523 630
212.198 645
211.001 660
213.206 675
211.798 690
213.612 705
211.598 720
212.399 735
210.309 750
211.698 765
209.817 780
212.198 795
210.704 810
213.206 825
211.1 840
212.6 855
210.506 870
212.098 885
210.21 900
212.098 915
210.309 930
212.399 945
209.621 960
212.802 975
209.426 990
212.6 1005
209.426 1020
212.198 1035
208.647 1050
211.998 1065
208.841 1080
211.998 1095
208.938 1110
212.399 1125
209.328 1140
212.399 1155
209.035 1170
212.198 1185
208.841 1200
212.098 1215
209.133 1230
212.399 1245
208.938 1260
212.198 1275
209.035 1290
212.399 1305
208.647 1320
211.798 1335
208.744 1350
211.898 1365
208.744 1380
212.399 1395
208.938 1410
212.098 1425
209.133 1440
212.198 1455
209.035 1470
212.198 1485
208.841 1500
210.506 1515
208.744 1530
210.407 1545
209.035 1560
210.803 1575
209.035 1590
210.803 1605
209.133 1620
210.704 1635
208.938 1650
210.407 1665
208.647 1680
210.407 1695
209.035 1710
210.506 1725
208.938 1740
210.605 1755
209.035 1770
210.704 1785
209.133 1800
210.506 1815
208.841 1830
210.605 1845
209.133 1860
210.803 1875
209.23 1890
210.803 1905
209.035 1920
210.309 1935
208.55 1950
210.309 1965
208.55 1980
210.112 1995
208.647 2010
210.407 2025
209.035 2040
210.309 2055
208.841 2070
210.309 2085
208.744 2100
210.407 2115
208.744 2130
210.506 2145
208.938 2160
210.506 2175
208.647 2190
210.21 2205
208.647 2220
210.21 2235
209.23 2250
210.407 2265
215.148 2280
210.21 2295
215.148 2310
210.506 2325
215.148 2340
210.407 2355
215.251 2370
210.309 2385
214.839 2400
210.112 2415
214.942 2430
210.014 2445
214.839 2460
210.309 2475
215.045 2490
210.407 2505
215.148 2520
210.112 2535
214.942 2550
210.309 2565
214.942 2580
