-70 0.015
0 0
35.6784 15
35.6784 30
35.6784 45
35.6784 60
35.6784 75
35.6784 90
35.6784 105
35.6784 120
35.6784 135
35.6784 150
35.6784 165
35.6784 180
32.0777 195
32.0777 210
38.4509 225
39.8472 240
41.7138 255
41.7138 270
43.5178 285
53.556 300
55.3594 315
55.939 330
58.2478 345
57.4059 360
57.2375 375
59.1537 390
58.751 405
58.751 420
57.2083 435
57.1427 450
58.7203 465
57.4573 480
57.6196 495
59.483 510
59.2787 525
57.6196 540
57.2448 555
58.5059 570
57.3838 585
57.4426 600
59.3179 615
59.2083 630
57.627 645
57.3985 660
58.7356 675
57.4794 690
57.5088 705
59.2944 720
59.1693 735
57.6418 750
57.472 765
58.8434 780
57.6418 795
57.7085 810
59.5382 825
59.5382 840
59.31 855
57.6714 870
57.3325 885
58.7126 900
57.5826 915
57.7977 930
59.6411 945
59.4278 960
57.82 975
57.4794 990
58.8743 1005
57.664 1020
57.7679 1035
59.6728 1050
59.5224 1065
57.9544 1080
57.6492 1095
58.9904 1110
57.8349 1125
57.8946 1140
59.7125 1155
59.5303 1170
57.9694 1185
57.7233 1200
59.068 1215
57.932 1230
57.9993 1245
59.8239 1260
59.5619 1275
58.0594 1290
57.7308 1305
57.7308 1320
59.1069 1335
58.0293 1350
58.112 1365
59.9438 1380
59.7602 1395
58.1496 1410
57.8275 1425
59.1303 1440
57.9769 1455
58.0744 1470
59.9518 1485
59.7761 1500
58.2024 1515
57.8498 1530
59.263 1545
58.0819 1560
58.1572 1575
60.048 1590
59.8718 1605
58.2704 1620
57.9394 1635
59.2787 1650
58.127 1665
58.1798 1680
60.0721 1695
59.8958 1710
58.3235 1725
58.0143 1740
59.3414 1755
58.1798 1770
58.2251 1785
60.1204 1800
59.8558 1815
58.3007 1830
58.0143 1845
59.3964 1860
58.2553 1875
58.2629 1890
60.193 1905
60.193 1920
59.9918 1935
58.3614 1950
58.0218 1965
59.3885 1980
58.2402 1995
58.3614 2010
60.2496 2025
60.0079 2040
58.4221 2055
58.0218 2070
59.3571 2085
58.21 2100
58.2175 2115
60.1607 2130
59.9758 2145
58.3917 2160
58.1421 2175
59.5303 2190
58.3766 2205
58.4526 2220
60.1849 2235
59.9918 2250
58.4374 2265
58.1572 2280
59.5303 2295
58.3538 2310
58.3993 2325
60.2657 2340
60.0802 2355
58.5517 2370
58.2024 2385
59.5382 2400
58.4526 2415
58.5059 2430
60.3874 2445
60.1607 2460
58.567 2475
58.2024 2490
59.5461 2505
58.4754 2520
58.5288 2535
60.3792 2550
60.193 2565
58.6129 2580
58.2856 2595
58.2856 2610
59.6173 2625
58.4678 2640
58.4983 2655
60.4524 2670
60.2738 2685
58.5594 2700
58.2629 2715
59.6252 2730
58.4678 2745
58.5441 2760
60.4606 2775
60.2981 2790
58.6742 2805
58.331 2820
59.6648 2835
58.5288 2850
58.6206 2865
60.4606 2880
60.2172 2895
58.5899 2910
58.2326 2925
59.5382 2940
58.4145 2955
58.5823 2970
60.4687 2985
60.2657 3000
58.6282 3015
58.6282 3030
28.6279 3045
28.6279 3060
28.6279 3075
28.6279 3090
28.6279 3105
28.6279 3120
28.6279 3135
28.6279 3150
28.6279 3165
28.6279 3180
28.6279 3195
28.6279 3210
28.6279 3225
28.6279 3240
28.6279 3255
28.6279 3270
28.6279 3285
28.6279 3300
28.6279 3315
28.6279 3330
28.6279 3345
28.6279 3360
28.6279 3375
28.6279 3390
28.6279 3405
28.6279 3420
28.6279 3435
28.6279 3450
28.6279 3465
28.6279 3480
28.6279 3495
28.6279 3510
28.6279 3525
28.6279 3540
28.6279 3555
28.6279 3570
28.6279 3585
28.6279 3600
28.6279 3615
28.6279 3630
28.6279 3645
28.6279 3660
28.6279 3675
28.6279 3690
28.6279 3705
28.6279 3720
28.6279 3735
28.6279 3750
28.6279 3765
28.6279 3780
28.6279 3795
28.6279 3810
28.6279 3825
28.6279 3840
28.6279 3855
28.6279 3870
28.6279 3885
28.6279 3900
28.6279 3915
28.6279 3930
28.6279 3945
28.6279 3960
28.6279 3975
28.6279 3990
28.6279 4005
28.6279 4020
28.6279 4035
28.6279 4050
28.6279 4065
28.6279 4080
28.6279 4095
28.6279 4110
28.6279 4125
28.6279 4140
28.6279 4155
28.6279 4170
28.6279 4185
28.6279 4200
28.6279 4215
28.6279 4230
28.6279 4245
28.6279 4260
28.6279 4275
28.6279 4290
28.6279 4305
28.6279 4320
28.6279 4335
28.6279 4350
28.6279 4365
28.6279 4380
28.6279 4395
28.6279 4410
28.6279 4425
28.6279 4440
28.6279 4455
28.6279 4470
28.6279 4485
28.6279 4500
28.6279 4515
28.6279 4530
28.6279 4545
28.6279 4560
28.6279 4575
28.6279 4590
28.6279 4605
28.6279 4620
28.6279 4635
28.6279 4650
28.6279 4665
28.6279 4680
28.6279 4695
28.6279 4710
28.6279 4725
28.6279 4740
28.6279 4755
28.6279 4770
28.6279 4785
28.6279 4800
28.6279 4815
28.6279 4830
28.6279 4845
28.6279 4860
28.6279 4875
28.6279 4890
28.6279 4905
28.6279 4920
28.6279 4935
28.6279 4950
28.6279 4965
28.6279 4980
28.6279 4995
28.6279 5010
28.6279 5025
28.6279 5040
28.6279 5055
28.6279 5070
28.6279 5085
28.6279 5100
28.6279 5115
28.6279 5130
28.6279 5145
28.6279 5160
28.6279 5175
28.6279 5190
28.6279 5205
28.6279 5220
28.6279 5235
28.6279 5250
28.6279 5265
28.6279 5280
28.6279 5295
28.6279 5310
28.6279 5325
28.6279 5340
28.6279 5355
28.6279 5370
28.6279 5385
28.6279 5400
28.6279 5415
28.6279 5430
28.6279 5445
28.6279 5460
28.6279 5475
28.6279 5490
28.6279 5505
28.6279 5520
28.6279 5535
28.6279 5550
28.6279 5565
28.6279 5580
28.6279 5595
28.6279 5610
28.6279 5625
28.6279 5640
28.6279 5655
28.6279 5670
28.6279 5685
28.6279 5700
28.6279 5715
