-100 0.015
0 0
28.6279 15
28.6279 30
28.6279 45
28.6279 60
28.6279 75
28.6279 90
28.6279 105
28.6279 120
28.6279 135
28.6279 150
28.6279 165
28.6279 180
33.4625 195
33.4625 210
38.0403 225
40.1143 240
43.8152 255
43.8152 270
44.6522 285
61.0694 300
84.2024 315
86.5405 330
92.1558 345
92.4596 360
90.8684 375
92.2695 390
91.5356 405
94.4244 420
92.5931 435
92.118 450
92.4215 465
92.2885 480
94.4442 495
92.7079 510
93.2279 525
92.2126 540
94.8835 555
92.6888 570
92.1369 585
92.3645 600
92.0236 615
94.5437 630
92.8614 645
93.4414 660
92.4406 675
94.9839 690
94.6234 705
92.4025 720
92.6122 735
92.4977 750
95.1854 765
93.286 780
94.0287 795
92.8998 810
95.4079 825
94.9036 840
92.4787 855
92.5549 870
92.3075 885
94.7633 900
93.0346 915
93.6754 930
92.6888 945
95.2864 960
94.8634 975
92.5359 990
93.6559 1005
92.5549 1020
95.0845 1035
93.2279 1050
93.8714 1065
92.8614 1080
95.5501 1095
95.145 1110
92.7079 1125
93.891 1140
92.6696 1155
95.0241 1170
93.2279 1185
93.891 1200
92.7462 1215
95.5298 1230
95.0443 1245
92.7462 1260
93.9696 1275
92.7654 1290
95.5298 1305
93.4803 1320
94.0681 1335
93.0153 1350
95.6723 1365
95.3066 1380
92.8998 1395
94.0681 1410
92.8806 1425
95.7131 1440
93.5973 1455
94.0878 1470
93.0539 1485
95.7744 1500
95.4485 1515
92.9768 1530
94.1076 1545
92.9768 1560
95.4485 1575
93.695 1590
94.2657 1605
93.2472 1620
95.8153 1635
95.5095 1650
92.9768 1665
94.0878 1680
93.0925 1695
95.4282 1710
93.6559 1725
94.2459 1740
93.2472 1755
95.9792 1770
95.5095 1785
92.9961 1800
94.0878 1815
93.0539 1830
95.4485 1845
93.695 1860
94.3251 1875
93.2472 1890
96.0203 1905
95.5501 1920
93.1118 1935
94.2459 1950
93.1311 1965
95.5298 1980
93.7145 1995
94.3053 2010
93.3248 2025
95.9587 2040
95.5705 2055
93.1698 2070
94.3251 2085
93.2085 2100
95.7744 2115
93.8714 2130
94.3251 2145
93.3442 2160
96.0409 2175
95.6112 2190
93.2279 2205
93.3248 2220
93.2085 2235
95.6927 2250
93.8714 2265
94.2855 2280
93.3248 2295
96.1026 2310
95.7336 2325
93.2472 2340
93.2666 2355
93.1118 2370
95.4282 2385
93.5778 2400
94.3251 2415
93.3442 2430
95.9792 2445
93.7145 2460
93.1892 2475
93.2666 2490
93.1698 2505
95.4688 2520
93.695 2535
94.0681 2550
93.1118 2565
95.9177 2580
93.7145 2595
93.1698 2610
93.3636 2625
93.1892 2640
95.5908 2655
93.891 2670
94.3846 2685
93.286 2700
96.0409 2715
93.9696 2730
93.3054 2745
93.3831 2760
93.286 2775
95.6927 2790
93.95 2805
94.4045 2820
93.3054 2835
96.1437 2850
94.009 2865
93.4219 2880
93.4608 2895
93.3054 2910
95.7336 2925
94.009 2940
94.3648 2955
93.1698 2970
96.2056 2985
94.0681 3000
93.3636 3015
70.8779 3030
70.8779 3045
26.2717 3060
26.2717 3075
26.2717 3090
26.2717 3105
26.2717 3120
26.2717 3135
26.2717 3150
26.2717 3165
26.2717 3180
26.2717 3195
26.2717 3210
26.2717 3225
26.2717 3240
26.2717 3255
26.2717 3270
26.2717 3285
26.2717 3300
26.2717 3315
26.2717 3330
26.2717 3345
26.2717 3360
26.2717 3375
26.2717 3390
26.2717 3405
26.2717 3420
26.2717 3435
26.2717 3450
26.2717 3465
26.2717 3480
26.2717 3495
26.2717 3510
26.2717 3525
26.2717 3540
26.2717 3555
26.2717 3570
26.2717 3585
26.2717 3600
26.2717 3615
26.2717 3630
26.2717 3645
26.2717 3660
26.2717 3675
26.2717 3690
26.2717 3705
26.2717 3720
26.2717 3735
26.2717 3750
26.2717 3765
26.2717 3780
26.2717 3795
26.2717 3810
26.2717 3825
26.2717 3840
26.2717 3855
26.2717 3870
26.2717 3885
26.2717 3900
26.2717 3915
26.2717 3930
26.2717 3945
26.2717 3960
26.2717 3975
26.2717 3990
26.2717 4005
26.2717 4020
26.2717 4035
26.2717 4050
26.2717 4065
26.2717 4080
26.2717 4095
26.2717 4110
26.2717 4125
26.2717 4140
26.2717 4155
26.2717 4170
26.2717 4185
26.2717 4200
26.2717 4215
26.2717 4230
26.2717 4245
26.2717 4260
26.2717 4275
26.2717 4290
26.2717 4305
26.2717 4320
26.2717 4335
26.2717 4350
26.2717 4365
26.2717 4380
26.2717 4395
26.2717 4410
26.2717 4425
26.2717 4440
26.2717 4455
26.2717 4470
26.2717 4485
26.2717 4500
26.2717 4515
26.2717 4530
26.2717 4545
26.2717 4560
26.2717 4575
26.2717 4590
26.2717 4605
26.2717 4620
26.2717 4635
26.2717 4650
26.2717 4665
26.2717 4680
26.2717 4695
26.2717 4710
26.2717 4725
26.2717 4740
26.2717 4755
26.2717 4770
26.2717 4785
