-150 0.015
0 0
24.3515 15
24.3515 30
24.3515 45
24.3515 60
24.3515 75
24.3515 90
24.3515 105
24.3515 120
61.0694 135
61.0694 150
61.0694 165
61.0694 180
30.9346 195
38.2184 210
38.2184 225
41.8656 240
43.1164 255
43.1164 270
42.625 285
47.7852 300
65.3179 315
103.458 330
125.223 345
135.835 360
136.579 375
137.584 390
141.711 405
139.944 420
139.682 435
143.34 450
141.801 465
141.711 480
145.242 495
142.612 510
141.265 525
144.03 540
141.176 555
139.9 570
143.57 585
140.469 600
141.043 615
144.821 630
141.443 645
141.443 660
144.541 675
140.733 690
140.733 705
143.892 720
140.645 735
140.866 750
144.401 765
141.265 780
141.532 795
144.774 810
141.043 825
140.866 840
144.262 855
140.822 870
140.91 885
143.754 900
140.91 915
141.043 930
143.846 945
140.866 960
140.733 975
143.386 990
140.733 1005
140.733 1020
143.57 1035
140.999 1050
141.176 1065
143.846 1080
140.91 1095
140.999 1110
143.616 1125
140.822 1140
141.176 1155
143.938 1170
140.91 1185
140.031 1200
143.8 1215
140.91 1230
140.162 1245
143.708 1260
140.999 1275
140.031 1290
143.708 1305
140.999 1320
140.294 1335
143.754 1350
140.954 1365
140.075 1380
143.662 1395
140.866 1410
140.031 1425
143.708 1440
140.999 1455
140.162 1470
143.754 1485
142.115 1500
140.25 1515
143.938 1530
142.025 1545
140.337 1560
143.938 1575
141.935 1590
140.337 1605
143.892 1620
142.07 1635
140.294 1650
143.708 1665
141.89 1680
140.075 1695
143.708 1710
141.89 1725
140.294 1740
142.025 1755
141.756 1770
140.25 1785
141.935 1800
141.801 1815
140.075 1830
141.756 1845
141.756 1860
140.381 1875
142.07 1890
141.98 1905
140.206 1920
141.89 1935
141.845 1950
140.075 1965
141.935 1980
141.801 1995
140.25 2010
141.98 2025
141.756 2040
144.401 2055
142.025 2070
141.756 2085
144.308 2100
141.89 2115
141.756 2130
144.308 2145
142.025 2160
141.89 2175
144.355 2190
141.935 2205
141.711 2220
144.216 2235
141.935 2250
141.666 2265
144.308 2280
141.935 2295
141.89 2310
144.355 2325
141.935 2340
141.622 2355
144.216 2370
141.801 2385
141.043 2400
144.308 2415
141.935 2430
140.954 2445
144.401 2460
141.935 2475
141.043 2490
144.541 2505
142.16 2520
141.043 2535
144.401 2550
141.845 2565
140.954 2580
144.355 2595
142.025 2610
141.043 2625
144.262 2640
141.935 2655
140.999 2670
