-200 0.015
0 0
14.9904 15
14.9904 30
14.9904 45
14.9904 60
14.9904 75
14.9904 90
14.9904 105
14.9904 120
14.9904 135
14.9904 150
14.9904 165
14.9904 180
32.5193 195
32.5193 210
38.3359 225
41.8734 240
41.8734 255
44.1601 270
43.0503 285
60.2981 300
79.0975 315
110.162 330
134.411 345
153.646 360
172.549 375
173.617 390
176.069 405
181.406 420
179.304 435
182.439 450
178.024 465
177.461 480
180.313 495
179.663 510
183.558 525
181.04 540
184.085 555
179.591 570
178.095 585
180.385 600
179.161 615
182.885 630
180.603 645
184.085 660
180.313 675
178.804 690
181.04 705
179.663 720
183.034 735
180.531 750
183.859 765
179.879 780
178.947 795
180.967 810
179.807 825
183.558 840
180.676 855
183.708 870
179.304 885
178.378 900
180.749 915
179.376 930
183.258 945
180.967 960
184.312 975
179.879 990
178.662 1005
181.04 1020
179.663 1035
183.333 1050
180.894 1065
183.934 1080
179.879 1095
178.876 1110
181.04 1125
179.807 1140
183.483 1155
180.821 1170
184.236 1185
180.168 1200
179.018 1215
181.48 1230
180.096 1245
183.633 1260
181.04 1275
184.009 1290
180.024 1305
178.804 1320
181.113 1335
179.735 1350
183.333 1365
180.821 1380
184.085 1395
179.951 1410
178.662 1425
180.967 1440
179.879 1455
183.408 1470
180.676 1485
183.934 1500
179.735 1515
178.876 1530
181.04 1545
179.807 1560
183.408 1575
180.894 1590
183.859 1605
179.735 1620
178.449 1635
180.821 1650
179.663 1665
183.258 1680
180.967 1695
183.934 1710
179.735 1725
178.733 1740
181.113 1755
179.951 1770
183.558 1785
181.04 1800
184.312 1815
180.024 1830
178.876 1845
180.821 1860
179.591 1875
183.258 1890
180.821 1905
184.009 1920
179.879 1935
178.662 1950
181.04 1965
180.024 1980
183.558 1995
180.967 2010
184.236 2025
180.096 2040
179.018 2055
181.26 2070
180.024 2085
183.558 2100
180.749 2115
184.085 2130
179.735 2145
178.876 2160
181.186 2175
180.168 2190
183.483 2205
180.967 2220
184.16 2235
179.879 2250
178.733 2265
180.894 2280
179.879 2295
183.109 2310
180.894 2325
184.009 2340
179.807 2355
178.804 2370
180.894 2385
179.663 2400
183.483 2415
181.04 2430
184.085 2445
179.879 2460
178.947 2475
181.113 2490
180.241 2505
183.558 2520
180.967 2535
184.009 2550
179.951 2565
178.947 2580
181.04 2595
179.879 2610
183.408 2625
180.749 2640
183.859 2655
180.313 2670
178.733 2685
181.186 2700
179.951 2715
183.483 2730
180.967 2745
184.009 2760
179.807 2775
178.662 2790
180.894 2805
179.807 2820
183.708 2835
181.04 2850
184.16 2865
179.951 2880
178.733 2895
181.113 2910
179.735 2925
183.483 2940
181.113 2955
184.387 2970
180.241 2985
179.09 3000
181.26 3015
