-350 0.015
0 0
26.9549 15
26.9549 30
26.9549 45
26.9549 60
26.9549 75
26.9549 90
26.9549 105
0.050057 120
68.5713 135
68.5713 150
68.5713 165
68.5713 180
29.1428 195
29.1428 210
39.0158 225
40.9264 240
40.9264 255
43.4378 270
44.9023 285
55.1282 300
67.6208 315
81.7633 330
113.879 345
153.331 360
178.024 375
219.676 390
248.918 405
264.622 420
262.456 435
262.149 450
266.35 465
259.571 480
262.609 495
260.475 510
265.562 525
270.361 540
265.719 555
266.825 570
271.999 585
264.622 600
266.192 615
270.198 630
264.778 645
268.903 660
262.456 675
265.404 690
271.014 705
265.248 720
267.301 735
271.014 750
265.719 765
266.35 780
262.456 795
265.876 810
270.035 825
264.778 840
265.719 855
271.506 870
264.31 885
266.825 900
262.609 915
266.034 930
270.035 945
262.917 960
265.091 975
269.387 990
263.689 1005
268.1 1020
273.158 1035
267.461 1050
267.62 1065
262.917 1080
265.876 1095
270.361 1110
265.404 1125
265.719 1140
272.329 1155
266.034 1170
267.62 1185
263.689 1200
267.142 1215
270.524 1230
263.999 1245
266.192 1260
270.687 1275
265.876 1290
267.142 1305
271.999 1320
266.983 1335
267.461 1350
264.155 1365
267.142 1380
270.198 1395
265.248 1410
266.192 1425
272.495 1440
266.034 1455
267.461 1470
272.495 1485
267.301 1500
271.178 1515
264.466 1530
266.825 1545
270.85 1560
265.248 1575
266.034 1590
272.495 1605
267.301 1620
267.62 1635
264.622 1650
267.94 1665
270.524 1680
263.844 1695
266.192 1710
269.873 1725
264.466 1740
267.301 1755
271.506 1770
266.983 1785
270.524 1800
262.763 1815
265.248 1830
270.687 1845
265.091 1860
265.404 1875
271.178 1890
266.666 1905
267.301 1920
263.225 1935
266.508 1950
270.524 1965
265.091 1980
265.248 1995
271.506 2010
264.778 2025
267.142 2040
271.342 2055
266.666 2070
270.524 2085
263.534 2100
265.719 2115
270.198 2130
264.934 2145
265.404 2160
271.178 2175
266.508 2190
267.142 2205
263.38 2220
266.666 2235
270.361 2250
263.534 2265
265.248 2280
270.85 2295
264.622 2310
267.461 2325
271.342 2340
266.666 2355
270.361 2370
262.609 2385
264.934 2400
269.873 2415
266.034 2430
264.466 2445
271.835 2460
267.142 2475
267.78 2490
261.538 2505
266.666 2520
