-300 0.015
0 0
25.762 15
25.762 30
25.762 45
25.762 60
25.762 75
25.762 90
25.762 105
25.762 120
64.7057 135
64.7057 150
64.7057 165
64.7057 180
33.3333 195
39.0498 210
39.0498 225
42.7917 240
44.5149 255
43.8451 270
60.5585 285
79 300
88.0343 315
135.058 330
147.486 345
183.183 360
212.802 375
228.746 390
236.459 405
242.071 420
237.46 435
240.514 450
235.962 465
239.359 480
236.833 495
239.999 510
246.322 525
242.332 540
245.648 555
239.615 570
241.16 585
236.833 600
238.469 615
244.311 630
240.128 645
244.844 660
240.128 675
242.594 690
238.596 705
239.615 720
244.311 735
239.871 750
243.912 765
239.743 780
244.045 795
239.232 810
241.549 825
238.09 840
240.128 855
245.111 870
240.256 885
243.78 900
238.85 915
241.16 930
237.585 945
239.871 960
245.111 975
241.031 990
244.71 1005
239.615 1020
241.549 1035
237.46 1050
239.359 1065
244.978 1080
240.772 1095
244.577 1110
239.743 1125
241.81 1140
237.963 1155
239.871 1170
245.111 1185
240.772 1200
244.577 1215
239.615 1230
241.68 1245
238.343 1260
240.128 1275
245.111 1290
240.772 1305
244.577 1320
239.743 1335
242.071 1350
238.469 1365
240.256 1380
245.783 1395
241.16 1410
244.844 1425
239.615 1440
241.68 1455
237.963 1470
239.743 1485
245.648 1500
241.68 1515
244.978 1530
239.871 1545
242.332 1560
238.343 1575
240.128 1590
245.379 1605
240.772 1620
244.844 1635
239.743 1650
241.94 1665
238.09 1680
239.999 1695
245.245 1710
240.772 1725
244.71 1740
239.615 1755
242.201 1770
238.09 1785
240.128 1800
245.514 1815
240.901 1830
244.71 1845
239.615 1860
242.071 1875
238.343 1890
239.615 1905
245.379 1920
240.901 1935
244.844 1950
239.487 1965
241.94 1980
237.963 1995
240.128 2010
245.379 2025
241.031 2040
244.577 2055
239.743 2070
242.071 2085
237.837 2100
239.615 2115
244.978 2130
240.901 2145
244.71 2160
239.487 2175
241.68 2190
237.837 2205
239.743 2220
245.379 2235
241.031 2250
244.577 2265
238.977 2280
241.549 2295
237.837 2310
239.615 2325
245.245 2340
240.772 2355
244.577 2370
238.723 2385
241.549 2400
237.585 2415
239.615 2430
244.844 2445
240.772 2460
244.577 2475
239.487 2490
241.29 2505
238.469 2520
239.487 2535
245.648 2550
242.332 2565
244.577 2580
239.999 2595
241.68 2610
237.711 2625
240.772 2640
246.728 2655
241.81 2670
243.251 2685
240.385 2700
242.201 2715
238.343 2730
242.201 2745
245.783 2760
241.42 2775
244.978 2790
240.128 2805
241.94 2820
239.104 2835
240.514 2850
246.322 2865
242.071 2880
245.379 2895
240.901 2910
242.463 2925
239.487 2940
241.16 2955
246.593 2970
240.772 2985
242.594 3000
165.425 3015
114.082 3030
80.4443 3045
54.5918 3060
26.9549 3075
26.9549 3090
26.9549 3105
26.9549 3120
