0 0
19.898 15
19.898 30
19.898 45
19.898 60
19.898 75
19.898 90
19.898 105
19.898 120
19.898 135
19.898 150
19.898 165
8.79739 180
8.79739 195
34.888 210
34.888 225
38.0274 240
38.8537 255
38.8537 270
39.9323 285
47.2818 300
62.1864 315
77.4459 330
89.7239 345
89.0651 360
92.4977 375
91.2564 390
94.3053 405
95.3674 420
92.6314 435
95.0443 450
95.2257 465
98.5721 480
95.1652 495
96.9957 510
94.8434 525
97.1847 540
94.009 555
93.4803 570
94.3846 585
95.1854 600
97.9269 615
94.3648 630
96.2262 645
95.4079 660
97.4167 675
93.9106 690
93.6168 705
93.9303 720
96.9538 735
97.5226 750
93.7145 765
95.8562 780
95.3674 795
97.4802 810
94.4244 825
95.9792 840
94.2855 855
97.3322 870
97.8202 885
94.147 900
94.7833 915
95.7131 930
97.7989 945
94.2063 960
95.4688 975
93.7537 990
96.7656 1005
94.3053 1020
94.009 1035
94.2063 1050
94.9236 1065
97.4802 1080
94.0484 1095
95.9382 1110
94.7833 1125
96.8701 1140
94.0287 1155
93.95 1170
94.484 1185
97.1426 1200
97.4379 1215
93.6754 1230
95.8562 1245
95.1248 1260
97.0586 1275
94.6234 1290
95.9792 1305
94.2063 1320
96.9957 1335
97.6499 1350
93.7537 1365
93.95 1380
94.8033 1395
97.4591 1410
94.0878 1425
95.6723 1440
94.0287 1455
96.9747 1470
94.2063 1485
93.7341 1500
94.147 1515
95.2257 1530
97.7137 1545
93.6754 1560
95.6927 1575
94.8234 1590
96.9328 1605
94.1076 1620
93.6363 1635
94.6035 1650
97.3956 1665
98.0767 1680
93.8714 1695
95.8562 1710
95.0443 1725
98.1625 1740
94.6833 1755
96.4952 1770
94.8234 1785
97.8842 1800
98.4424 1815
94.5039 1830
94.3648 1845
95.2055 1860
97.8628 1875
94.6234 1890
95.9382 1905
95.0443 1920
97.0796 1935
94.3648 1950
93.95 1965
94.0878 1980
95.0644 1995
97.6924 2010
94.3648 2025
96.2262 2040
95.2257 2055
97.1637 2070
94.3251 2085
95.9587 2100
94.2459 2115
97.2479 2130
97.9055 2145
93.95 2160
96.0203 2175
95.1248 2190
97.7989 2205
94.5039 2220
96.4122 2235
94.7233 2250
97.4802 2265
94.4442 2280
93.9303 2295
94.147 2310
95.1652 2325
97.7563 2340
93.95 2355
95.9382 2370
95.145 2385
97.2479 2400
94.3648 2415
93.8714 2430
94.5636 2445
97.4802 2460
98.0981 2475
94.5437 2490
96.3295 2505
95.3066 2520
97.7775 2535
94.484 2550
96.0203 2565
94.4045 2580
97.7563 2595
98.1196 2610
94.0878 2625
94.2855 2640
95.145 2655
98.464 2670
94.9839 2685
96.2881 2700
95.2662 2715
97.4167 2730
94.4641 2745
94.0681 2760
94.3053 2775
97.1637 2790
97.8202 2805
94.3053 2820
96.4952 2835
95.3066 2850
97.7775 2865
95.0443 2880
96.6198 2895
94.9236 2910
97.5862 2925
