0 0
32.5996 15
32.5996 30
32.5996 45
32.5996 60
32.5996 75
32.5996 90
32.5996 105
32.5996 120
32.5996 135
32.5996 150
32.5996 165
0.216514 180
36.3694 195
36.3694 210
38.5699 225
42.0145 240
42.0145 255
43.8066 270
49.6899 285
56.4243 300
60.4443 315
60.5748 330
61.8692 345
63.6956 360
63.9953 375
61.589 390
61.4204 405
63.2111 420
62.5329 435
63.2289 450
64.6778 465
65.2134 480
62.7252 495
62.2381 510
63.7589 525
62.6464 540
64.6964 555
65.1566 570
62.813 585
62.4981 600
63.9497 615
62.7428 630
63.069 645
64.5754 660
64.7524 675
62.3938 690
62.1089 705
63.6594 720
62.6989 735
63.1755 750
64.6684 765
64.9398 780
62.4459 795
62.0145 810
63.4973 825
62.4372 840
64.6778 855
65.0056 870
62.6639 885
62.1691 900
63.6143 915
62.3938 930
62.901 945
64.4733 960
64.846 975
62.5853 990
62.1261 1005
63.7227 1020
62.5678 1035
63.0513 1050
64.5661 1065
64.8553 1080
62.5591 1095
62.1605 1110
63.7227 1125
62.6814 1140
64.7337 1155
65.0716 1170
62.6202 1185
62.1175 1200
63.6594 1215
62.5765 1230
63.1222 1245
64.7804 1260
65.1377 1275
62.7954 1290
62.3418 1305
63.7861 1320
62.6027 1335
63.14 1350
64.7244 1365
65.1188 1380
62.8306 1395
62.3765 1410
63.9862 1425
63.3271 1440
64.846 1455
65.0905 1470
62.7603 1485
62.2899 1500
63.8678 1515
62.8218 1530
63.2913 1545
64.8741 1560
65.2134 1575
62.8306 1590
62.3765 1605
63.8769 1620
62.7077 1635
63.1933 1650
64.8647 1665
65.204 1680
62.901 1695
63.9862 1710
62.8042 1725
63.2824 1740
64.8647 1755
65.185 1770
62.8218 1785
62.4372 1800
63.9679 1815
62.8834 1830
63.3807 1845
64.9398 1860
65.2229 1875
62.8394 1890
62.4025 1905
63.8678 1920
62.7691 1935
63.3718 1950
64.9304 1965
65.0245 1980
62.4633 1995
63.977 2010
62.7866 2025
63.2913 2040
64.8741 2055
65.2988 2070
62.9717 2085
62.5591 2100
64.0409 2115
62.8658 2130
63.3807 2145
64.9492 2160
65.2324 2175
62.8482 2190
62.4894 2205
63.9862 2220
62.9452 2235
65.0245 2250
65.3654 2265
62.9099 2280
62.5068 2295
64.0409 2310
62.9717 2325
63.4255 2340
65.0056 2355
65.3179 2370
62.7077 2385
62.2295 2400
63.8951 2415
62.8658 2430
63.336 2445
64.921 2460
65.2229 2475
62.8218 2490
62.3938 2505
64.0227 2520
63.3271 2535
64.8741 2550
65.185 2565
62.901 2580
62.5242 2595
64.105 2610
63.007 2625
63.4793 2640
65.0339 2655
65.2988 2670
62.954 2685
62.5765 2700
64.0135 2715
62.954 2730
63.4973 2745
65.0622 2760
65.4226 2775
62.594 2790
64.0775 2805
62.9717 2820
63.5063 2835
65.0999 2850
65.394 2865
63.069 2880
62.5591 2895
64.0592 2910
62.9363 2925
63.4524 2940
65.0339 2955
65.3845 2970
63.007 2985
62.6027 3000
64.1141 3015
35.6784 3030
35.6784 3045
35.6784 3060
35.6784 3075
35.6784 3090
35.6784 3105
35.6784 3120
35.6784 3135
35.6784 3150
35.6784 3165
35.6784 3180
35.6784 3195
35.6784 3210
35.6784 3225
35.6784 3240
35.6784 3255
35.6784 3270
35.6784 3285
35.6784 3300
35.6784 3315
35.6784 3330
35.6784 3345
35.6784 3360
35.6784 3375
35.6784 3390
35.6784 3405
35.6784 3420
35.6784 3435
35.6784 3450
35.6784 3465
35.6784 3480
35.6784 3495
35.6784 3510
35.6784 3525
35.6784 3540
35.6784 3555
35.6784 3570
35.6784 3585
35.6784 3600
35.6784 3615
35.6784 3630
35.6784 3645
35.6784 3660
35.6784 3675
35.6784 3690
35.6784 3705
35.6784 3720
35.6784 3735
35.6784 3750
35.6784 3765
35.6784 3780
35.6784 3795
35.6784 3810
35.6784 3825
35.6784 3840
35.6784 3855
35.6784 3870
35.6784 3885
35.6784 3900
35.6784 3915
35.6784 3930
35.6784 3945
35.6784 3960
35.6784 3975
35.6784 3990
35.6784 4005
35.6784 4020
35.6784 4035
35.6784 4050
35.6784 4065
35.6784 4080
35.6784 4095
35.6784 4110
35.6784 4125
35.6784 4140
35.6784 4155
35.6784 4170
35.6784 4185
35.6784 4200
35.6784 4215
35.6784 4230
35.6784 4245
35.6784 4260
35.6784 4275
35.6784 4290
35.6784 4305
35.6784 4320
35.6784 4335
35.6784 4350
35.6784 4365
35.6784 4380
35.6784 4395
35.6784 4410
35.6784 4425
35.6784 4440
35.6784 4455
35.6784 4470
35.6784 4485
35.6784 4500
35.6784 4515
35.6784 4530
35.6784 4545
35.6784 4560
35.6784 4575
35.6784 4590
35.6784 4605
35.6784 4620
35.6784 4635
35.6784 4650
35.6784 4665
35.6784 4680
35.6784 4695
35.6784 4710
35.6784 4725
35.6784 4740
35.6784 4755
35.6784 4770
35.6784 4785
35.6784 4800
35.6784 4815
35.6784 4830
35.6784 4845
35.6784 4860
35.6784 4875
35.6784 4890
35.6784 4905
35.6784 4920
35.6784 4935
35.6784 4950
35.6784 4965
35.6784 4980
35.6784 4995
35.6784 5010
35.6784 5025
35.6784 5040
35.6784 5055
35.6784 5070
35.6784 5085
35.6784 5100
35.6784 5115
35.6784 5130
35.6784 5145
35.6784 5160
35.6784 5175
35.6784 5190
35.6784 5205
35.6784 5220
35.6784 5235
35.6784 5250
35.6784 5265
35.6784 5280
35.6784 5295
35.6784 5310
35.6784 5325
35.6784 5340
35.6784 5355
35.6784 5370
35.6784 5385
35.6784 5400
35.6784 5415
35.6784 5430
35.6784 5445
35.6784 5460
35.6784 5475
35.6784 5490
35.6784 5505
35.6784 5520
35.6784 5535
35.6784 5550
35.6784 5565
35.6784 5580
35.6784 5595
35.6784 5610
35.6784 5625
35.6784 5640
35.6784 5655
35.6784 5670
35.6784 5685
35.6784 5700
35.6784 5715
35.6784 5730
35.6784 5745
35.6784 5760
