0 0
20.6382 15
20.6382 30
20.6382 45
20.6382 60
20.6382 75
20.6382 90
20.6382 105
20.6382 120
30.9495 135
30.9495 150
26.0506 165
26.0506 180
36.2168 195
36.2168 210
38.5931 225
39.6711 240
39.6711 255
40.2763 270
41.2954 285
56.0508 300
78.4339 315
112.622 330
125.223 345
151.417 360
173.886 375
174.97 390
180.531 405
175.039 420
178.449 435
178.947 450
178.52 465
187.861 480
183.859 495
186.533 510
178.52 525
179.448 540
178.804 555
176.553 570
185.454 585
180.967 600
184.691 615
177.531 630
179.591 645
179.448 660
177.954 675
186.456 690
181.48 705
184.691 720
176.762 735
178.733 750
178.876 765
177.954 780
186.301 795
181.847 810
184.691 825
176.623 840
178.378 855
178.52 870
177.391 885
185.531 900
181.553 915
184.995 930
177.251 945
179.161 960
178.662 975
176.762 990
185.992 1005
181.7 1020
185.072 1035
177.321 1050
179.09 1065
178.804 1080
177.672 1095
186.456 1110
181.553 1125
184.843 1140
176.832 1155
179.09 1170
179.52 1185
177.954 1200
186.301 1215
181.553 1230
184.615 1245
176.623 1260
178.662 1275
178.307 1290
176.971 1305
185.761 1320
181.774 1335
184.691 1350
176.762 1365
178.947 1380
178.804 1395
177.461 1410
185.992 1425
181.406 1440
184.767 1455
176.901 1470
178.733 1485
178.876 1500
177.391 1515
185.838 1530
181.626 1545
184.615 1560
177.251 1575
179.09 1590
179.018 1605
177.321 1620
186.069 1635
181.48 1650
184.387 1665
176.693 1680
178.662 1695
178.876 1710
177.181 1725
186.069 1740
181.921 1755
184.387 1770
176.832 1785
178.876 1800
178.236 1815
177.041 1830
185.915 1845
181.553 1860
184.843 1875
178.947 1890
177.111 1905
186.224 1920
181.847 1935
184.995 1950
177.111 1965
179.233 1980
178.804 1995
177.461 2010
186.069 2025
182.142 2040
184.463 2055
176.276 2070
178.804 2085
178.449 2100
177.321 2115
185.761 2130
181.921 2145
184.843 2160
177.251 2175
178.947 2190
178.449 2205
177.321 2220
185.761 2235
181.7 2250
184.691 2265
176.832 2280
178.662 2295
179.161 2310
177.391 2325
186.688 2340
181.847 2355
184.995 2370
176.832 2385
178.733 2400
178.733 2415
177.181 2430
185.761 2445
181.48 2460
184.691 2475
176.693 2490
178.378 2505
178.449 2520
177.111 2535
185.992 2550
181.7 2565
184.919 2580
176.623 2595
178.947 2610
179.018 2625
177.321 2640
186.456 2655
181.7 2670
184.615 2685
176.623 2700
178.804 2715
178.876 2730
