0,70
16.4709,70
16.4709,70
16.4709,70
16.4709,70
16.4709,70
16.4709,70
16.4709,70
16.4709,70
16.4709,70
16.4709,70
16.4709,70
16.4709,70
16.4709,70
16.4709,70
16.4709,70
16.4709,70
17.1075,70
17.1075,70
17.1075,70
38.251,70
38.251,70
40.8185,70
40.8185,70
42.5846,70
42.5846,70
45.1826,70
45.1826,70
45.927,70
45.927,70
56.7812,70
62.2813,70
62.2813,70
63.9679,70
61.9289,70
61.9289,70
61.8862,70
64.1233,70
64.1233,70
62.5417,70
63.5063,70
66.3315,70
66.3315,70
66.7756,70
63.886,70
63.886,70
63.2289,70
65.1661,70
63.4524,70
63.4524,70
64.3347,70
66.905,70
66.905,70
67.3468,70
64.3439,70
63.4883,70
63.4883,70
65.4321,70
63.4614,70
63.4614,70
64.3901,70
66.925,70
67.3064,70
67.3064,70
64.3347,70
63.4345,70
65.2514,70
65.2514,70
63.3092,70
64.2794,70
64.2794,70
66.7955,70
67.1955,70
64.1783,70
64.1783,70
63.3539,70
65.2419,70
65.2419,70
63.4076,70
64.3255,70
66.8951,70
66.8951,70
67.3569,70
64.3809,70
64.3809,70
63.4973,70
65.4226,70
63.4883,70
63.4883,70
64.4641,70
66.935,70
66.935,70
67.2459,70
64.3255,70
63.4434,70
63.4434,70
65.394,70
63.4166,70
63.4166,70
64.4271,70
66.9549,70
67.3367,70
67.3367,70
64.4271,70
63.5243,70
63.5243,70
65.4512,70
63.6053,70
64.5104,70
64.5104,70
67.065,70
67.4581,70
64.4641,70
64.4641,70
63.5963,70
65.499,70
65.499,70
63.5603,70
64.4919,70
67.045,70
67.045,70
67.3973,70
64.3993,70
64.3993,70
63.5333,70
65.499,70
63.5693,70
63.5693,70
64.5382,70
67.0951,70
67.0951,70
67.4987,70
64.594,70
63.6775,70
63.6775,70
65.6619,70
63.7136,70
63.7136,70
64.6591,70
67.1654,70
67.5597,70
67.5597,70
64.5754,70
63.5873,70
65.5181,70
65.5181,70
63.6323,70
64.6033,70
64.6033,70
67.1754,70
67.5597,70
64.5197,70
64.5197,70
63.7136,70
65.6523,70
65.6523,70
63.6504,70
64.6405,70
67.1955,70
67.1955,70
67.6309,70
64.6312,70
64.6312,70
63.6865,70
65.6331,70
63.7136,70
63.7136,70
64.6219,70
67.1754,70
67.5699,70
67.5699,70
64.6219,70
63.768,70
63.768,70
65.6715,70
63.768,70
64.7711,70
64.7711,70
67.3064,70
67.6921,70
67.6921,70
64.6219,70
63.7317,70
65.7099,70
65.7099,70
63.7861,70
64.6778,70
67.2157,70
67.2157,70
67.6004,70
64.6405,70
64.6405,70
63.7317,70
65.6907,70
63.768,70
63.768,70
64.7898,70
67.2761,70
67.2761,70
67.7024,70
64.6591,70
