0 0
2.93977443695268 0.01
7.33676336802829 0.02
11.5135388074389 0.03
15.4811296621641 0.04
19.2500124807053 0.05
22.8301391167414 0.06
26.2309630073117 0.07
29.4614641349141 0.08
32.5301727394312 0.09
35.4451918424971 0.1
38.2142186437814 0.11
40.8445648456867 0.12
43.3431759601288 0.13
45.7166496483802 0.14
47.9712531424014 0.15
50.1129397936647 0.16
52.1473647931659 0.17
54.079900104134 0.18
55.9156486468693 0.19
36.5323 0.2
36.5323 0.21
38.4905 0.22
38.4905 0.23
41.4748 0.24
41.4748 0.25
44.5016 0.26
44.5016 0.27
57.0846 0.28
68.8765 0.29
68.8765 0.3
78.7367 0.31
86.2246 0.32
87.298 0.33
90.6481 0.34
95.7744 0.35
94.5039 0.36
92.7654 0.37
96.6406 0.38
94.147 0.39
95.2662 0.4
99.844 0.41
101.263 0.42
96.891 0.43
95.3471 0.44
98.7239 0.45
95.4282 0.46
96.7031 0.47
101.035 0.48
102.093 0.49
95.8153 0.5
99.0289 0.51
95.5908 0.52
96.9538 0.53
101.035 0.54
102.023 0.55
97.2058 0.56
95.4891 0.57
98.9416 0.58
95.652 0.59
97.0376 0.6
102.162 0.61
97.2268 0.62
95.4688 0.63
98.5721 0.64
95.1047 0.65
96.3295 0.66
100.313 0.67
100.99 0.68
96.2881 0.69
94.484 0.7
97.5014 0.71
94.1273 0.72
95.4079 0.73
99.6003 0.74
95.7949 0.75
94.0287 0.76
97.3534 0.77
94.1273 0.78
95.5908 0.79
99.8663 0.8
101.035 0.81
96.6614 0.82
94.9437 0.83
98.3992 0.84
95.0443 0.85
96.6406 0.86
100.831 0.87
101.861 0.88
95.3877 0.89
98.7239 0.9
95.2257 0.91
96.8074 0.92
100.673 0.93
101.607 0.94
96.7239 0.95
94.9437 0.96
98.0981 0.97
94.5636 0.98
95.9587 0.99
99.933 1
101.013 1.01
94.5238 1.02
98.0124 1.03
94.7033 1.04
96.3088 1.05
100.718 1.06
101.607 1.07
96.8283 1.08
95.0443 1.09
98.3777 1.1
94.9036 1.11
96.433 1.12
100.628 1.13
101.63 1.14
95.004 1.15
98.2055 1.16
94.8033 1.17
96.3088 1.18
100.402 1.19
101.423 1.2
96.7656 1.21
94.9839 1.22
98.3561 1.23
94.9437 1.24
96.3708 1.25
100.65 1.26
101.676 1.27
95.004 1.28
98.3346 1.29
94.8835 1.3
96.2468 1.31
100.56 1.32
101.607 1.33
96.9538 1.34
95.1854 1.35
98.6805 1.36
95.246 1.37
96.6198 1.38
100.582 1.39
97.1006 1.4
95.2055 1.41
98.6155 1.42
94.9638 1.43
96.5159 1.44
100.808 1.45
101.884 1.46
97.1216 1.47
95.1854 1.48
98.3992 1.49
94.8835 1.5
96.5782 1.51
100.786 1.52
97.0376 1.53
95.3066 1.54
98.6588 1.55
95.0845 1.56
96.5574 1.57
100.65 1.58
101.792 1.59
97.1847 1.6
95.5095 1.61
98.7891 1.62
95.145 1.63
96.5574 1.64
101.792 1.65
97.1216 1.66
95.4079 1.67
98.6155 1.68
95.1854 1.69
96.7239 1.7
100.876 1.71
101.838 1.72
97.2058 1.73
95.3877 1.74
98.898 1.75
95.4079 1.76
101.058 1.77
101.907 1.78
97.2268 1.79
95.3066 1.8
98.7239 1.81
95.0845 1.82
96.6198 1.83
100.922 1.84
102.069 1.85
97.4379 1.86
95.5705 1.87
98.898 1.88
95.3877 1.89
100.673 1.9
101.792 1.91
97.1006 1.92
95.1248 1.93
98.4424 1.94
94.8835 1.95
96.599 1.96
100.831 1.97
101.768 1.98
97.1006 1.99
95.1652 2
98.5289 2.01
96.7448 2.02
100.854 2.03
101.699 2.04
