0 0
36.1235 10
36.1235 20
36.1235 30
36.1235 40
36.1235 50
36.1235 60
36.1235 70
36.1235 80
36.1235 90
36.1235 100
36.1235 110
0.00919233 120
0.00919233 130
0.00919233 140
0.00919233 150
0.00919233 160
9.49718 170
9.49718 180
9.49718 190
38.0306 200
38.0306 210
40.904 220
40.904 230
42.0815 240
42.0815 250
55.339 260
64.9962 270
64.9962 280
66.5578 290
81.7336 300
95.4282 310
118.043 320
130.769 330
146.046 340
154.386 350
174.97 360
169.742 370
174.021 380
186.456 390
181.48 400
185.224 410
181.774 420
191.876 430
179.304 440
178.662 450
188.097 460
180.603 470
183.333 480
178.947 490
188.571 500
175.586 510
175.586 520
185.838 530
179.09 540
182.364 550
178.804 560
188.73 570
176.832 580
177.251 590
188.176 600
181.333 610
185.072 620
181.553 630
191.467 640
178.591 650
179.018 660
189.687 670
181.921 680
185.608 690
189.048 700
182.142 710
185.148 720
180.821 730
190.33 740
177.391 750
177.813 760
188.334 770
181.26 780
184.312 790
180.168 800
189.847 810
177.461 820
177.813 830
188.73 840
181.333 850
184.767 860
181.186 870
190.816 880
178.307 890
178.449 900
189.367 910
182.513 920
185.531 930
181.186 940
190.897 950
178.236 960
178.804 970
188.73 980
181.48 990
184.691 1000
180.458 1010
190.089 1020
177.883 1030
178.166 1040
188.492 1050
182.364 1060
184.615 1070
180.603 1080
190.654 1090
177.742 1100
177.813 1110
188.413 1120
181.553 1130
185.301 1140
181.333 1150
190.978 1160
185.224 1170
181.333 1180
190.897 1190
178.166 1200
178.024 1210
188.413 1220
181.186 1230
184.767 1240
180.531 1250
190.411 1260
178.095 1270
178.378 1280
188.65 1290
181.921 1300
185.072 1310
180.894 1320
190.573 1330
178.024 1340
178.024 1350
188.73 1360
181.921 1370
185.224 1380
181.48 1390
190.654 1400
177.813 1410
178.166 1420
188.492 1430
181.26 1440
184.919 1450
180.676 1460
190.169 1470
177.391 1480
178.024 1490
188.809 1500
181.7 1510
184.767 1520
180.821 1530
190.897 1540
178.449 1550
178.52 1560
188.968 1570
182.142 1580
184.995 1590
180.967 1600
190.735 1610
178.236 1620
181.113 1630
190.492 1640
177.883 1650
178.166 1660
188.968 1670
181.921 1680
185.301 1690
181.186 1700
191.141 1710
178.662 1720
178.733 1730
189.127 1740
182.069 1750
185.301 1760
181.04 1770
190.573 1780
178.024 1790
177.954 1800
188.73 1810
181.333 1820
184.691 1830
181.186 1840
190.816 1850
178.095 1860
178.378 1870
188.809 1880
181.847 1890
184.843 1900
180.749 1910
190.816 1920
178.166 1930
178.378 1940
188.492 1950
181.847 1960
184.995 1970
180.821 1980
190.735 1990
178.166 2000
178.378 2010
188.73 2020
181.553 2030
184.919 2040
180.967 2050
190.816 2060
184.995 2070
180.531 2080
190.411 2090
178.024 2100
178.307 2110
188.571 2120
181.553 2130
185.148 2140
180.894 2150
190.897 2160
178.236 2170
178.095 2180
188.809 2190
181.921 2200
184.691 2210
180.821 2220
191.141 2230
178.449 2240
178.591 2250
188.492 2260
181.48 2270
184.615 2280
180.749 2290
190.735 2300
178.095 2310
178.095 2320
188.73 2330
181.7 2340
185.072 2350
180.967 2360
190.573 2370
177.954 2380
178.024 2390
188.73 2400
181.186 2410
184.995 2420
181.113 2430
190.816 2440
178.024 2450
178.591 2460
188.809 2470
181.847 2480
184.995 2490
181.26 2500
190.735 2510
184.995 2520
181.186 2530
190.735 2540
177.883 2550
178.378 2560
189.127 2570
181.921 2580
185.224 2590
181.48 2600
190.816 2610
178.236 2620
178.449 2630
188.809 2640
181.626 2650
185.148 2660
180.821 2670
190.816 2680
178.166 2690
178.307 2700
188.65 2710
181.921 2720
