0 0
1.98938767884679 0.01
10.9781956834733 0.02
19.5168190668432 0.03
36.1235 0.04
36.1235 0.05
36.1235 0.06
36.1235 0.07
36.1235 0.08
36.1235 0.09
36.1235 0.1
74.1012832090289 0.11
79.4785259915893 0.12
84.5864614305926 0.13
89.4385771902984 0.14
94.0476854350533 0.15
98.4259566602139 0.16
102.584951828722 0.17
106.535652898193 0.18
110.288491819119 0.19
113.853378080762 0.2
117.239724877473 0.21
120.456473964529 0.22
123.512119269115 0.23
126.414729318812 0.24
129.171968546793 0.25
131.791117530003 0.26
134.279092213749 0.27
136.642462173474 0.28
138.887467961925 0.29
141.020037587531 0.3
143.045802167494 0.31
144.970110796933 0.32
146.798044673338 0.33
146.046 0.34
154.386 0.35
174.97 0.36
169.742 0.37
174.021 0.38
186.456 0.39
181.48 0.4
185.224 0.41
181.774 0.42
191.876 0.43
179.304 0.44
178.662 0.45
188.097 0.46
180.603 0.47
183.333 0.48
178.947 0.49
188.571 0.5
175.586 0.51
175.586 0.52
185.838 0.53
179.09 0.54
182.364 0.55
178.804 0.56
188.73 0.57
176.832 0.58
177.251 0.59
188.176 0.6
181.333 0.61
185.072 0.62
181.553 0.63
191.467 0.64
178.591 0.65
179.018 0.66
189.687 0.67
181.921 0.68
185.608 0.69
189.048 0.7
182.142 0.71
185.148 0.72
180.821 0.73
190.33 0.74
177.391 0.75
177.813 0.76
188.334 0.77
181.26 0.78
184.312 0.79
180.168 0.8
189.847 0.81
177.461 0.82
177.813 0.83
188.73 0.84
181.333 0.85
184.767 0.86
181.186 0.87
190.816 0.88
178.307 0.89
178.449 0.9
189.367 0.91
182.513 0.92
185.531 0.93
181.186 0.94
190.897 0.95
178.236 0.96
178.804 0.97
188.73 0.98
181.48 0.99
184.691 1
180.458 1.01
190.089 1.02
177.883 1.03
178.166 1.04
188.492 1.05
182.364 1.06
184.615 1.07
180.603 1.08
190.654 1.09
177.742 1.1
177.813 1.11
188.413 1.12
181.553 1.13
185.301 1.14
181.333 1.15
190.978 1.16
185.224 1.17
181.333 1.18
190.897 1.19
178.166 1.2
178.024 1.21
188.413 1.22
181.186 1.23
184.767 1.24
180.531 1.25
190.411 1.26
178.095 1.27
178.378 1.28
188.65 1.29
181.921 1.3
185.072 1.31
180.894 1.32
190.573 1.33
178.024 1.34
178.024 1.35
188.73 1.36
181.921 1.37
185.224 1.38
181.48 1.39
190.654 1.4
177.813 1.41
178.166 1.42
188.492 1.43
181.26 1.44
184.919 1.45
180.676 1.46
190.169 1.47
181.374201682685 1.48
178.024 1.49
188.809 1.5
181.7 1.51
184.767 1.52
180.821 1.53
190.897 1.54
178.449 1.55
178.52 1.56
188.968 1.57
182.142 1.58
184.995 1.59
180.967 1.6
190.735 1.61
178.236 1.62
181.113 1.63
190.492 1.64
181.429043820567 1.65
178.166 1.66
188.968 1.67
181.921 1.68
185.301 1.69
181.186 1.7
191.141 1.71
178.662 1.72
178.733 1.73
189.127 1.74
182.069 1.75
185.301 1.76
181.04 1.77
190.573 1.78
178.024 1.79
177.954 1.8
188.73 1.81
181.333 1.82
184.691 1.83
181.186 1.84
190.816 1.85
178.095 1.86
178.378 1.87
188.809 1.88
181.847 1.89
184.843 1.9
180.749 1.91
190.816 1.92
178.166 1.93
178.378 1.94
188.492 1.95
181.847 1.96
184.995 1.97
180.821 1.98
190.735 1.99
178.166 2
178.378 2.01
188.73 2.02
181.553 2.03
184.919 2.04
180.967 2.05
190.816 2.06
184.995 2.07
180.531 2.08
190.411 2.09
178.024 2.1
178.307 2.11
188.571 2.12
181.553 2.13
185.148 2.14
180.894 2.15
190.897 2.16
178.236 2.17
178.095 2.18
188.809 2.19
181.921 2.2
184.691 2.21
180.821 2.22
191.141 2.23
178.449 2.24
178.591 2.25
188.492 2.26
181.48 2.27
184.615 2.28
180.749 2.29
190.735 2.3
178.095 2.31
178.095 2.32
188.73 2.33
181.7 2.34
185.072 2.35
180.967 2.36
190.573 2.37
181.467427770351 2.38
178.024 2.39
188.73 2.4
181.186 2.41
184.995 2.42
181.113 2.43
190.816 2.44
178.024 2.45
178.591 2.46
188.809 2.47
181.847 2.48
184.995 2.49
181.26 2.5
190.735 2.51
184.995 2.52
181.186 2.53
190.735 2.54
181.467965832257 2.55
178.378 2.56
189.127 2.57
181.921 2.58
185.224 2.59
181.48 2.6
190.816 2.61
178.236 2.62
178.449 2.63
188.809 2.64
181.626 2.65
185.148 2.66
180.821 2.67
190.816 2.68
178.166 2.69
178.307 2.7
188.65 2.71
181.921 2.72
