0 0
13.1424 10
13.1424 20
13.1424 30
13.1424 40
13.1424 50
13.1424 60
13.1424 70
13.1424 80
13.1424 90
13.1424 100
13.1424 110
13.1424 120
71.2153 130
71.2153 140
71.2153 150
28.8042 160
28.8042 170
40.0463 180
40.0463 190
57.7977 200
57.7977 210
57.59 220
49.3131 230
49.3131 240
49.3457 250
49.3457 260
65.1094 270
83.2342 280
92.7846 290
120.193 300
138.904 310
159.488 320
197.361 330
200.089 340
222.178 350
243.648 360
242.857 370
251.851 380
243.515 390
240.128 400
259.122 410
241.031 420
243.78 430
245.379 440
239.999 450
255.435 460
239.871 470
244.045 480
244.978 490
249.471 500
254.277 510
238.977 520
236.833 530
257.339 540
248.918 550
253.559 560
243.78 570
236.584 580
258.079 590
239.871 600
243.648 610
244.444 620
239.615 630
254.133 640
239.871 650
244.045 660
245.111 670
250.866 680
255.144 690
240.643 700
239.999 710
258.972 720
250.306 730
254.565 740
244.978 750
239.615 760
258.525 770
250.306 780
244.444 790
245.379 800
239.871 810
258.972 820
240.643 830
244.311 840
246.187 850
249.61 860
254.277 870
239.999 880
243.912 890
258.525 900
249.471 910
254.855 920
240.128 930
239.743 940
258.525 950
249.749 960
243.912 970
245.379 980
236.21 990
258.674 1000
240.385 1010
243.78 1020
245.111 1030
239.104 1040
253.989 1050
239.999 1060
243.912 1070
258.823 1080
250.027 1090
254.71 1100
240.256 1110
239.999 1120
258.823 1130
249.61 1140
254.277 1150
244.844 1160
237.585 1170
258.972 1180
240.514 1190
244.178 1200
246.052 1210
241.031 1220
255.144 1230
240.514 1240
243.515 1250
244.978 1260
250.167 1270
254.999 1280
240.643 1290
239.359 1300
258.972 1310
250.306 1320
254.277 1330
245.514 1340
239.487 1350
258.376 1360
250.306 1370
243.515 1380
245.783 1390
239.871 1400
258.674 1410
240.385 1420
243.912 1430
246.187 1440
250.306 1450
254.421 1460
239.871 1470
243.383 1480
258.376 1490
249.61 1500
254.71 1510
240.514 1520
239.615 1530
258.674 1540
249.471 1550
243.648 1560
244.978 1570
239.999 1580
258.525 1590
240.385 1600
243.383 1610
245.648 1620
237.334 1630
254.565 1640
239.999 1650
243.12 1660
257.782 1670
249.471 1680
253.559 1690
239.232 1700
237.209 1710
257.339 1720
248.78 1730
243.12 1740
245.379 1750
239.359 1760
258.525 1770
239.871 1780
243.383 1790
244.844 1800
239.999 1810
254.71 1820
240.514 1830
243.383 1840
258.376 1850
249.471 1860
253.702 1870
239.871 1880
238.977 1890
258.376 1900
248.918 1910
253.702 1920
244.577 1930
239.232 1940
258.079 1950
239.232 1960
243.12 1970
245.245 1980
240.128 1990
255.29 2000
239.615 2010
243.515 2020
257.486 2030
249.888 2040
254.421 2050
240.128 2060
239.232 2070
257.93 2080
248.918 2090
254.133 2100
244.577 2110
235.714 2120
258.079 2130
239.359 2140
243.251 2150
244.577 2160
239.615 2170
254.421 2180
239.871 2190
243.383 2200
245.111 2210
249.471 2220
253.989 2230
239.871 2240
237.334 2250
258.972 2260
249.888 2270
253.989 2280
244.71 2290
237.083 2300
