0 0
36.9808 10
36.9808 20
36.9808 30
36.9808 40
36.9808 50
36.9808 60
36.9808 70
36.9808 80
36.9808 90
36.9808 100
0.012718 110
0.012718 120
0.012718 130
27.4949 140
27.4949 150
27.4949 160
24.378 170
24.378 180
38.0532 190
38.0532 200
39.7238 210
39.7238 220
43.133 230
43.133 240
45.67 250
45.67 260
51.2386 270
51.2386 280
64.2242 290
79.4616 300
94.6634 310
112.65 320
140.733 330
151.366 340
161.963 350
184.539 360
230.864 370
228.164 380
248.642 390
261.081 400
259.722 410
283.333 420
274.831 430
281.732 440
264.778 450
269.711 460
270.85 470
264.155 480
284.23 490
275.168 500
281.379 510
264.31 520
267.94 530
269.549 540
261.081 550
283.333 560
273.992 570
279.278 580
263.225 590
267.94 600
269.064 610
263.999 620
283.87 630
274.999 640
280.675 650
264.155 660
269.064 670
270.035 680
264.155 690
284.59 700
276.184 710
282.086 720
264.934 730
268.903 740
271.342 750
264.934 760
286.589 770
276.184 780
281.909 790
264.466 800
269.549 810
271.342 820
265.091 830
285.133 840
276.184 850
280.85 860
264.466 870
269.064 880
270.524 890
264.622 900
285.133 910
275.844 920
280.324 930
264.466 940
268.1 950
270.035 960
263.844 970
284.771 980
275.168 990
281.379 1000
263.38 1010
268.742 1020
270.361 1030
263.844 1040
284.952 1050
275.844 1060
281.202 1070
264.934 1080
267.94 1090
269.873 1100
262.609 1110
284.952 1120
275.337 1130
281.202 1140
264.466 1150
268.42 1160
269.711 1170
263.225 1180
284.771 1190
275.168 1200
280.85 1210
263.38 1220
268.26 1230
271.014 1240
263.999 1250
284.23 1260
275.844 1270
281.379 1280
264.934 1290
269.226 1300
270.361 1310
262.763 1320
284.59 1330
275.168 1340
280.675 1350
263.844 1360
268.42 1370
270.035 1380
261.538 1390
285.133 1400
276.354 1410
281.202 1420
264.31 1430
268.26 1440
269.873 1450
261.843 1460
270.524 1470
275.337 1480
284.05 1490
275.675 1500
280.499 1510
264.31 1520
268.26 1530
270.035 1540
264.31 1550
284.23 1560
275.337 1570
281.026 1580
263.38 1590
268.42 1600
270.035 1610
264.155 1620
284.771 1630
275.337 1640
281.379 1650
264.155 1660
268.581 1670
270.361 1680
263.534 1690
284.952 1700
275.337 1710
280.324 1720
263.225 1730
268.26 1740
270.035 1750
261.996 1760
284.41 1770
274.999 1780
280.675 1790
263.999 1800
268.1 1810
269.549 1820
263.534 1830
284.23 1840
275.168 1850
281.732 1860
264.622 1870
268.742 1880
270.524 1890
264.31 1900
284.05 1910
274.831 1920
281.026 1930
263.844 1940
268.42 1950
270.361 1960
264.622 1970
284.23 1980
275.168 1990
280.85 2000
263.844 2010
268.742 2020
270.361 2030
265.091 2040
285.677 2050
275.844 2060
281.202 2070
264.155 2080
268.742 2090
270.198 2100
263.38 2110
284.952 2120
275.337 2130
281.026 2140
263.689 2150
268.42 2160
270.035 2170
265.091 2180
284.771 2190
276.014 2200
281.026 2210
264.155 2220
267.62 2230
269.387 2240
264.466 2250
284.23 2260
274.831 2270
280.149 2280
263.844 2290
269.549 2300
270.524 2310
264.934 2320
285.133 2330
276.354 2340
281.732 2350
264.778 2360
