0 0
18.7625 10
18.7625 20
18.7625 30
18.7625 40
18.7625 50
18.7625 60
18.7625 70
18.7625 80
18.7625 90
18.7625 100
18.7625 110
18.7625 120
18.7625 130
18.7625 140
20.8851 150
20.8851 160
20.8851 170
20.8851 180
20.8851 190
20.8851 200
32.5075 210
32.5075 220
40.6337 230
40.6337 240
40.6337 250
41.2803 260
41.2803 270
42.7957 280
42.7957 290
44.5193 300
44.5193 310
47.0193 320
49.8776 330
49.8776 340
53.106 350
53.106 360
53.2383 370
53.2383 380
51.4088 390
51.3853 400
51.3853 410
52.3931 420
52.3931 430
51.3441 440
51.3441 450
52.2954 460
53.9487 470
53.9487 480
54.0917 490
54.0917 500
51.5683 510
51.5683 520
50.8381 530
52.0166 540
52.0166 550
50.586 560
50.586 570
51.4383 580
51.4383 590
53.556 600
53.6392 610
53.6392 620
51.3206 630
51.3206 640
51.0057 650
52.3931 660
52.3931 670
50.9189 680
50.9189 690
51.7646 700
51.7646 710
53.5368 720
53.6777 730
53.6777 740
51.2269 750
51.2269 760
50.8439 770
50.8439 780
52.1495 790
50.6888 800
50.6888 810
51.7467 820
51.7467 830
53.6584 840
53.6584 850
53.8968 860
51.693 870
51.693 880
51.2503 890
51.2503 900
52.6203 910
52.6203 920
51.2386 930
52.1556 940
52.1556 950
53.9616 960
53.9616 970
53.7613 980
53.7613 990
51.6158 1000
50.8554 1010
50.8554 1020
52.083 1030
52.083 1040
50.89 1050
51.9083 1060
51.9083 1070
53.8451 1080
53.8451 1090
54.0787 1100
54.0787 1110
51.693 1120
51.2503 1130
51.2503 1140
52.6574 1150
52.6574 1160
51.2269 1170
51.2269 1180
52.1859 1190
54.0266 1200
54.0266 1210
54.0526 1220
54.0526 1230
51.6692 1240
51.1277 1250
51.1277 1260
52.5095 1270
52.5095 1280
51.0579 1290
51.0579 1300
51.8783 1310
53.6328 1320
53.6328 1330
53.9552 1340
53.9552 1350
51.6454 1360
51.6454 1370
51.2211 1380
52.5649 1390
52.5649 1400
50.9883 1410
50.9883 1420
51.9443 1430
51.9443 1440
53.6969 1450
53.6199 1460
53.6199 1470
51.2269 1480
51.2269 1490
50.7519 1500
50.7519 1510
52.3564 1520
51.0173 1530
51.0173 1540
