0 0
0 10
0 20
0 30
0 40
0 50
0 60
0 70
0 80
0 90
0 100
0 110
0 120
0 130
0 140
0 150
0 160
0.0328502 170
0.0328502 180
0.0328502 190
36.5323 200
36.5323 210
38.4905 220
38.4905 230
41.4748 240
41.4748 250
44.5016 260
44.5016 270
57.0846 280
68.8765 290
68.8765 300
78.7367 310
86.2246 320
87.298 330
90.6481 340
95.7744 350
94.5039 360
92.7654 370
96.6406 380
94.147 390
95.2662 400
99.844 410
101.263 420
96.891 430
95.3471 440
98.7239 450
95.4282 460
96.7031 470
101.035 480
102.093 490
95.8153 500
99.0289 510
95.5908 520
96.9538 530
101.035 540
102.023 550
97.2058 560
95.4891 570
98.9416 580
95.652 590
97.0376 600
102.162 610
97.2268 620
95.4688 630
98.5721 640
95.1047 650
96.3295 660
100.313 670
100.99 680
96.2881 690
94.484 700
97.5014 710
94.1273 720
95.4079 730
99.6003 740
95.7949 750
94.0287 760
97.3534 770
94.1273 780
95.5908 790
99.8663 800
101.035 810
96.6614 820
94.9437 830
98.3992 840
95.0443 850
96.6406 860
100.831 870
101.861 880
95.3877 890
98.7239 900
95.2257 910
96.8074 920
100.673 930
101.607 940
96.7239 950
94.9437 960
98.0981 970
94.5636 980
95.9587 990
99.933 1000
101.013 1010
94.5238 1020
98.0124 1030
94.7033 1040
96.3088 1050
100.718 1060
101.607 1070
96.8283 1080
95.0443 1090
98.3777 1100
94.9036 1110
96.433 1120
100.628 1130
101.63 1140
95.004 1150
98.2055 1160
94.8033 1170
96.3088 1180
100.402 1190
101.423 1200
96.7656 1210
94.9839 1220
98.3561 1230
94.9437 1240
96.3708 1250
100.65 1260
101.676 1270
95.004 1280
98.3346 1290
94.8835 1300
96.2468 1310
100.56 1320
101.607 1330
96.9538 1340
95.1854 1350
98.6805 1360
95.246 1370
96.6198 1380
100.582 1390
97.1006 1400
95.2055 1410
98.6155 1420
94.9638 1430
96.5159 1440
100.808 1450
101.884 1460
97.1216 1470
95.1854 1480
98.3992 1490
94.8835 1500
96.5782 1510
100.786 1520
97.0376 1530
95.3066 1540
98.6588 1550
95.0845 1560
96.5574 1570
100.65 1580
101.792 1590
97.1847 1600
95.5095 1610
98.7891 1620
95.145 1630
96.5574 1640
101.792 1650
97.1216 1660
95.4079 1670
98.6155 1680
95.1854 1690
96.7239 1700
100.876 1710
101.838 1720
97.2058 1730
95.3877 1740
98.898 1750
95.4079 1760
101.058 1770
101.907 1780
97.2268 1790
95.3066 1800
98.7239 1810
95.0845 1820
96.6198 1830
100.922 1840
102.069 1850
97.4379 1860
95.5705 1870
98.898 1880
95.3877 1890
100.673 1900
101.792 1910
97.1006 1920
95.1248 1930
98.4424 1940
94.8835 1950
96.599 1960
100.831 1970
101.768 1980
97.1006 1990
95.1652 2000
98.5289 2010
96.7448 2020
100.854 2030
101.699 2040
