0 0
16.4709 10
16.4709 20
16.4709 30
16.4709 40
16.4709 50
16.4709 60
16.4709 70
16.4709 80
16.4709 90
16.4709 100
16.4709 110
16.4709 120
16.4709 130
16.4709 140
16.4709 150
16.4709 160
17.1075 170
17.1075 180
17.1075 190
38.251 200
38.251 210
40.8185 220
40.8185 230
42.5846 240
42.5846 250
45.1826 260
45.1826 270
45.927 280
45.927 290
56.7812 300
62.2813 310
62.2813 320
63.9679 330
61.9289 340
61.9289 350
61.8862 360
64.1233 370
64.1233 380
62.5417 390
63.5063 400
66.3315 410
66.3315 420
66.7756 430
63.886 440
63.886 450
63.2289 460
65.1661 470
63.4524 480
63.4524 490
64.3347 500
66.905 510
66.905 520
67.3468 530
64.3439 540
63.4883 550
63.4883 560
65.4321 570
63.4614 580
63.4614 590
64.3901 600
66.925 610
67.3064 620
67.3064 630
64.3347 640
63.4345 650
65.2514 660
65.2514 670
63.3092 680
64.2794 690
64.2794 700
66.7955 710
67.1955 720
64.1783 730
64.1783 740
63.3539 750
65.2419 760
65.2419 770
63.4076 780
64.3255 790
66.8951 800
66.8951 810
67.3569 820
64.3809 830
64.3809 840
63.4973 850
65.4226 860
63.4883 870
63.4883 880
64.4641 890
66.935 900
66.935 910
67.2459 920
64.3255 930
63.4434 940
63.4434 950
65.394 960
63.4166 970
63.4166 980
64.4271 990
66.9549 1000
67.3367 1010
67.3367 1020
64.4271 1030
63.5243 1040
63.5243 1050
65.4512 1060
63.6053 1070
64.5104 1080
64.5104 1090
67.065 1100
67.4581 1110
64.4641 1120
64.4641 1130
63.5963 1140
65.499 1150
65.499 1160
63.5603 1170
64.4919 1180
67.045 1190
67.045 1200
67.3973 1210
64.3993 1220
64.3993 1230
63.5333 1240
65.499 1250
63.5693 1260
63.5693 1270
64.5382 1280
67.0951 1290
67.0951 1300
67.4987 1310
64.594 1320
63.6775 1330
63.6775 1340
65.6619 1350
63.7136 1360
63.7136 1370
64.6591 1380
67.1654 1390
67.5597 1400
67.5597 1410
64.5754 1420
63.5873 1430
65.5181 1440
65.5181 1450
63.6323 1460
64.6033 1470
64.6033 1480
67.1754 1490
67.5597 1500
64.5197 1510
64.5197 1520
63.7136 1530
65.6523 1540
65.6523 1550
63.6504 1560
64.6405 1570
67.1955 1580
67.1955 1590
67.6309 1600
64.6312 1610
64.6312 1620
63.6865 1630
65.6331 1640
63.7136 1650
63.7136 1660
64.6219 1670
67.1754 1680
67.5699 1690
67.5699 1700
64.6219 1710
63.768 1720
63.768 1730
65.6715 1740
63.768 1750
64.7711 1760
64.7711 1770
67.3064 1780
67.6921 1790
67.6921 1800
64.6219 1810
63.7317 1820
65.7099 1830
65.7099 1840
63.7861 1850
64.6778 1860
67.2157 1870
67.2157 1880
67.6004 1890
64.6405 1900
64.6405 1910
63.7317 1920
65.6907 1930
63.768 1940
63.768 1950
64.7898 1960
67.2761 1970
67.2761 1980
67.7024 1990
64.6591 2000
