0 0
-34.2072 10
-34.2072 20
-34.2072 30
-34.2072 40
-34.2072 50
-34.2072 60
-34.2072 70
-34.2072 80
-34.2072 90
-34.2072 100
-34.2072 110
-34.2072 120
-34.2072 130
-34.2072 140
-60.534 150
-60.534 160
-60.534 170
-34.6724 180
-34.6724 190
-34.6724 200
-39.1827 210
-39.1827 220
-41.9399 230
-41.9399 240
-45.9223 250
-45.9223 260
-45.471 270
-45.471 280
-46.2203 290
-46.2203 300
-48.0461 310
-48.0461 320
-49.1457 330
-49.1457 340
-47.8872 350
-47.8566 360
-47.8566 370
-49.3565 380
-49.3565 390
-49.6954 400
-49.6954 410
-48.6239 420
-48.6239 430
-48.1286 440
-48.1286 450
-49.4054 460
-49.4054 470
-48.1028 480
-48.3776 490
-48.3776 500
-50.1115 510
-50.1115 520
-49.8887 530
-49.8887 540
-48.6503 550
-48.6503 560
-48.645 570
-48.645 580
-49.4653 590
-49.4653 600
-48.2165 610
-48.4821 620
-48.4821 630
-50.1844 640
-50.1844 650
-49.9498 660
-49.9498 670
-48.6556 680
-48.6556 690
-48.6239 700
-48.6239 710
-49.4653 720
-48.2061 730
-48.2061 740
-48.5031 750
-48.5031 760
-50.2406 770
-50.2406 780
-49.972 790
-49.972 800
-48.7295 810
-48.7295 820
-48.7084 830
-48.7084 840
-49.509 850
-48.2268 860
-48.2268 870
-48.545 880
-48.545 890
-50.2856 900
-50.2856 910
-50.0836 920
-50.0836 930
-48.809 940
-48.809 950
-48.7401 960
-49.5691 970
-49.5691 980
-48.2735 990
-48.2735 1000
-48.5871 1010
-48.5871 1020
-50.078 1030
-50.078 1040
-49.922 1050
-49.922 1060
-48.7931 1070
-48.7931 1080
-48.809 1090
-49.5965 1100
-49.5965 1110
-48.3463 1120
-48.3463 1130
-48.6714 1140
-48.6714 1150
-50.3476 1160
-50.3476 1170
-50.1451 1180
-50.1451 1190
-48.8888 1200
-48.8675 1210
-48.8675 1220
-49.6514 1230
-49.6514 1240
-48.3828 1250
-48.3828 1260
-48.6714 1270
-48.6714 1280
-50.3929 1290
-50.3929 1300
-50.1563 1310
-50.1563 1320
-48.7507 1330
-48.5661 1340
-48.5661 1350
-49.5691 1360
-49.5691 1370
-48.3515 1380
-48.3515 1390
-48.6503 1400
-48.6503 1410
-50.4099 1420
-50.4099 1430
-50.1339 1440
-48.6029 1450
-48.6029 1460
-48.7348 1470
-48.7348 1480
-49.6789 1490
