0 0
-28.5714 0.01
-28.5714 0.02
-28.5714 0.03
-28.5714 0.04
-28.5714 0.05
-28.5714 0.06
-28.5714 0.07
-28.5714 0.08
-28.5714 0.09
-28.5714 0.1
-28.5714 0.11
-28.5714 0.12
-28.5714 0.13
-29.339 0.14
-29.339 0.15
-29.339 0.16
-35.8265 0.17
-58.0485385333804 0.18
-59.6855265744725 0.19
-61.2405296804208 0.2
-62.717653885858 0.21
-64.12079958373 0.22
-65.4536718244052 0.23
-66.7197900989768 0.24
-67.9224976325903 0.25
-69.0649702123341 0.26
-71.8193 0.27
-85.2906 0.28
-88.9239 0.29
-89.8496 0.3
-90.7398 0.31
-92.118 0.32
-91.7602 0.33
-92.0613 0.34
-95.4485 0.35
-95.4891 0.36
-94.345 0.37
-94.2855 0.38
-95.3066 0.39
-94.009 0.4
-94.1076 0.41
-97.3534 0.42
-96.9957 0.43
-95.3269 0.44
-94.8234 0.45
-95.754 0.46
-94.5836 0.47
-94.484 0.48
-97.3745 0.49
-96.8491 0.5
-95.3269 0.51
-95.8767 0.52
-94.6035 0.53
-94.484 0.54
-97.2268 0.55
-96.5367 0.56
-94.9236 0.57
-94.345 0.58
-95.3269 0.59
-94.0484 0.6
-94.1076 0.61
-97.4379 0.62
-96.9538 0.63
-95.5298 0.64
-95.1248 0.65
-96.0614 0.66
-94.8634 0.67
-94.7233 0.68
-97.7563 0.69
-97.1847 0.7
-94.8234 0.71
-95.5298 0.72
-94.4641 0.73
-94.5836 0.74
-97.735 0.75
-97.2479 0.76
-95.4891 0.77
-94.6434 0.78
-95.5298 0.79
-94.2261 0.8
-94.0878 0.81
-97.0586 0.82
-96.5574 0.83
-95.246 0.84
-94.9437 0.85
-96.0203 0.86
-94.9036 0.87
-94.9036 0.88
-97.4591 0.89
-95.8767 0.9
-95.2864 0.91
-96.1849 0.92
-95.004 0.93
-94.8835 0.94
-97.7775 0.95
-97.2058 0.96
-95.5501 0.97
-94.7633 0.98
-95.5705 0.99
-94.5636 1
-94.6234 1.01
-97.4167 1.02
-96.7239 1.03
-95.0845 1.04
-94.6234 1.05
-95.8358 1.06
-94.7833 1.07
-97.9269 1.08
-97.3534 1.09
-95.7949 1.1
-95.1652 1.11
-95.8562 1.12
-94.7433 1.13
-94.7433 1.14
-97.6712 1.15
-96.7656 1.16
-95.1248 1.17
-94.9437 1.18
-95.9998 1.19
-94.4641 1.2
-94.1866 1.21
-97.1847 1.22
-96.6822 1.23
-95.3674 1.24
-95.8153 1.25
-94.3846 1.26
-94.2063 1.27
-97.3111 1.28
-96.9328 1.29
-95.6723 1.3
-95.3269 1.31
-96.2675 1.32
-95.004 1.33
-94.9437 1.34
-98.0553 1.35
-97.4802 1.36
-95.8358 1.37
-95.3471 1.38
-96.2675 1.39
-95.0443 1.4
-94.8634 1.41
-97.9269 1.42
-95.4891 1.43
-94.8234 1.44
-95.6927 1.45
-94.345 1.46
-94.4244 1.47
-97.7775 1.48
-97.1216 1.49
-95.246 1.5
-94.6434 1.51
-95.5501 1.52
-94.2459 1.53
-94.1668 1.54
-97.269 1.55
-97.0376 1.56
-95.5705 1.57
-95.1854 1.58
-96.1437 1.59
-94.9437 1.6
-97.5226 1.61
-96.7031 1.62
-95.3674 1.63
-95.0644 1.64
-95.9177 1.65
-94.4045 1.66
-94.4045 1.67
-97.6924 1.68
-97.0586 1.69
-95.2662 1.7
-94.6634 1.71
-95.6112 1.72
-94.4244 1.73
-94.6833 1.74
-97.7563 1.75
-96.9538 1.76
-95.2257 1.77
-94.6634 1.78
-95.6316 1.79
-94.2657 1.8
-97.5438 1.81
-97.269 1.82
-95.652 1.83
-95.1652 1.84
-95.9998 1.85
-94.4641 1.86
-94.2855 1.87
-97.1637 1.88
-96.5782 1.89
-95.0241 1.9
-94.5636 1.91
-95.8972 1.92
-94.7633 1.93
-94.4045 1.94
-97.3111 1.95
-97.0376 1.96
-95.652 1.97
-96.2675 1.98
-95.1047 1.99
-95.0443 2
-98.0553 2.01
-97.4379 2.02
-95.8972 2.03
-95.3269 2.04
-96.3088 2.05
-95.0845 2.06
-94.9839 2.07
-97.8842 2.08
-97.2268 2.09
-95.3269 2.1
-94.6833 2.11
-95.6112 2.12
-94.4045 2.13
-94.3053 2.14
-97.3534 2.15
-95.5705 2.16
-94.9236 2.17
-95.6723 2.18
-94.6434 2.19
-94.8234 2.2
-97.9269 2.21
-97.4379 2.22
-95.8972 2.23
-95.3877 2.24
-96.3708 2.25
-95.1854 2.26
-95.0845 2.27
-98.0338 2.28
-97.4167 2.29
-95.8358 2.3
-95.2864 2.31
-96.2056 2.32
-95.0241 2.33
-98.1196 2.34
-97.4591 2.35
-95.8767 2.36
-95.3066 2.37
-96.2881 2.38
-94.9638 2.39
-94.6035 2.4
-97.6287 2.41
-97.29 2.42
-95.7744 2.43
-95.3066 2.44
-96.2675 2.45
-95.145 2.46
-95.0443 2.47
-98.0981 2.48
-97.5014 2.49
-95.5908 2.5
-96.5367 2.51
-95.246 2.52
-94.9036 2.53
-97.6074 2.54
-97.0586 2.55
-95.7131 2.56
-95.4079 2.57
-96.3915 2.58
-95.1652 2.59
-95.0241 2.6
-98.1625 2.61
-97.565 2.62
-95.9998 2.63
-95.5501 2.64
-96.4952 2.65
-95.246 2.66
-98.184 2.67
-97.5438 2.68
-95.9177 2.69
-95.4485 2.7
-96.433 2.71
-95.3066 2.72
-95.145 2.73
-98.0981 2.74
-97.5438 2.75
-96.0203 2.76
-95.4688 2.77
-96.433 2.78
-95.2055 2.79
-95.0644 2.8
-98.141 2.81
-97.5226 2.82
-95.4891 2.83
-96.4537 2.84
-95.1248 2.85
-94.7633 2.86
-97.8842 2.87
-97.565 2.88
-95.9382 2.89
-95.3674 2.9
-96.4122 2.91
-95.3877 2.92
