0 0
-17.7251 10
-17.7251 20
-17.7251 30
-17.7251 40
-17.7251 50
-17.7251 60
-17.7251 70
-17.7251 80
-17.7251 90
-17.7251 100
-17.7251 110
-17.7251 120
-17.7251 130
-17.7251 140
-17.7251 150
-17.7251 160
-17.7251 170
-17.7251 180
-33.9331 190
-33.9331 200
-38.6996 210
-38.6996 220
-38.6996 230
-41.2196 240
-41.2196 250
-45.3286 260
-45.3286 270
-44.9338 280
-61.1026 290
-61.1026 300
-77.3658 310
-109.197 320
-121.461 330
-134.09 340
-149.004 350
-162.844 360
-169.167 370
-177.672 380
-176.832 390
-179.09 400
-178.591 410
-183.783 420
-180.168 430
-179.807 440
-184.085 450
-180.603 460
-179.951 470
-178.024 480
-182.587 490
-178.804 500
-178.52 510
-182.959 520
-179.951 530
-179.591 540
-178.236 550
-183.109 560
-179.879 570
-180.096 580
-184.691 590
-181.921 600
-181.847 610
-180.024 620
-184.843 630
-181.26 640
-181.04 650
-185.531 660
-182.364 670
-182.364 680
-179.663 690
-184.085 700
-180.385 710
-179.951 720
-184.539 730
-181.333 740
-180.821 750
-178.804 760
-183.408 770
-179.807 780
-179.807 790
-184.463 800
-181.26 810
-181.406 820
-179.448 830
-184.085 840
-180.749 850
-180.603 860
-184.995 870
-182.069 880
-181.921 890
-179.807 900
-184.236 910
-180.458 920
-180.241 930
-184.691 940
-181.48 950
-181.186 960
-179.09 970
-183.633 980
-180.531 990
-180.385 1000
-184.843 1010
-181.626 1020
-181.406 1030
-179.52 1040
-184.312 1050
-180.749 1060
-180.603 1070
-184.995 1080
-181.921 1090
-181.553 1100
-179.448 1110
-184.312 1120
-180.821 1130
-180.531 1140
-184.995 1150
-181.774 1160
-181.553 1170
-179.448 1180
-184.085 1190
-180.385 1200
-180.313 1210
-184.995 1220
-181.7 1230
-181.48 1240
-179.233 1250
-183.934 1260
-180.458 1270
-180.313 1280
-184.767 1290
-181.626 1300
-181.553 1310
-179.52 1320
-184.236 1330
-180.676 1340
-180.458 1350
-184.843 1360
-181.626 1370
-181.553 1380
-179.591 1390
-184.16 1400
-180.385 1410
-179.951 1420
-184.387 1430
-181.26 1440
-181.186 1450
-179.09 1460
-183.783 1470
-180.241 1480
-180.241 1490
-184.919 1500
-181.774 1510
-181.553 1520
-179.591 1530
-184.236 1540
-180.676 1550
-180.603 1560
-184.16 1570
-180.531 1580
-180.458 1590
-184.995 1600
-181.774 1610
-181.48 1620
-179.233 1630
-184.085 1640
-180.313 1650
-180.168 1660
-184.919 1670
-181.774 1680
-181.48 1690
-179.304 1700
-183.934 1710
-180.458 1720
-180.313 1730
-184.919 1740
-181.774 1750
-181.626 1760
-179.52 1770
-184.009 1780
-180.313 1790
-180.168 1800
-184.843 1810
-181.7 1820
-181.406 1830
-179.304 1840
-184.009 1850
-180.458 1860
-180.168 1870
-184.919 1880
-181.774 1890
-181.7 1900
-179.448 1910
-184.085 1920
-180.531 1930
-180.458 1940
-184.995 1950
-181.7 1960
-181.48 1970
-179.735 1980
-184.16 1990
-180.531 2000
-180.531 2010
-184.995 2020
-181.847 2030
-181.7 2040
-179.52 2050
-184.009 2060
-180.385 2070
-180.385 2080
-185.072 2090
-181.847 2100
-181.48 2110
-179.52 2120
-184.387 2130
-180.676 2140
-180.531 2150
-184.995 2160
-181.921 2170
-181.48 2180
-179.448 2190
-184.236 2200
-180.821 2210
-180.603 2220
-185.148 2230
-182.069 2240
-181.774 2250
-179.663 2260
-184.312 2270
-180.676 2280
-180.458 2290
-184.919 2300
-181.774 2310
-181.553 2320
-179.52 2330
-184.236 2340
-180.458 2350
-180.313 2360
-184.919 2370
-181.774 2380
-181.553 2390
-179.591 2400
-184.387 2410
-180.676 2420
-180.603 2430
-185.301 2440
-182.142 2450
-181.774 2460
-179.591 2470
-184.085 2480
-180.313 2490
-180.313 2500
-185.072 2510
-181.921 2520
-181.774 2530
-179.52 2540
-184.085 2550
-180.385 2560
-180.241 2570
-184.691 2580
-181.7 2590
-181.406 2600
-179.376 2610
-184.085 2620
-180.458 2630
-180.385 2640
-185.148 2650
-181.995 2660
-181.7 2670
-179.591 2680
-184.009 2690
-180.531 2700
-180.385 2710
-184.995 2720
-181.921 2730
-181.553 2740
-179.52 2750
-184.085 2760
-180.676 2770
-180.385 2780
-184.919 2790
-181.847 2800
-181.626 2810
-179.52 2820
-184.312 2830
-180.676 2840
-180.531 2850
-185.224 2860
-181.995 2870
-181.7 2880
-179.52 2890
-184.16 2900
-180.458 2910
-180.458 2920
-185.072 2930
-181.921 2940
