0 0
-20.1562 10
-20.1562 20
-20.1562 30
-20.1562 40
-20.1562 50
-20.1562 60
-20.1562 70
-20.1562 80
-20.1562 90
-20.1562 100
-20.1562 110
-83.6375 120
-83.6375 130
-83.6375 140
-83.6375 150
-83.6375 160
-83.6375 170
-34.2386 180
-34.2386 190
-39.8224 200
-39.8224 210
-41.4863 220
-41.4863 230
-43.8623 240
-43.8623 250
-44.9248 260
-44.9248 270
-59.4751 280
-73.3092 290
-85.5833 300
-105.401 310
-120.128 320
-143.754 330
-150.503 340
-176.693 350
-200.446 360
-226.666 370
-230.153 380
-235.962 390
-241.68 400
-242.594 410
-248.092 420
-242.201 430
-242.071 440
-247.682 450
-243.78 460
-241.549 470
-244.045 480
-241.94 490
-247.136 500
-241.42 510
-240.385 520
-243.12 530
-243.12 540
-247.682 550
-241.94 560
-241.94 570
-247.408 580
-244.311 590
-241.94 600
-244.311 610
-242.857 620
-248.642 630
-242.857 640
-241.68 650
-244.978 660
-245.245 670
-249.471 680
-243.515 690
-243.383 700
-248.78 710
-245.648 720
-243.12 730
-245.514 740
-243.648 750
-248.918 760
-243.78 770
-242.857 780
-245.648 790
-245.514 800
-249.194 810
-242.988 820
-242.725 830
-248.092 840
-244.844 850
-249.056 860
-244.444 870
-242.988 880
-248.642 890
-243.383 900
-242.463 910
-245.245 920
-245.379 930
-249.194 940
-243.515 950
-242.594 960
-248.78 970
-245.111 980
-249.471 990
-245.111 1000
-243.515 1010
-248.918 1020
-243.515 1030
-242.463 1040
-244.978 1050
-243.251 1060
-249.194 1070
-243.12 1080
-241.94 1090
-248.367 1100
-244.978 1110
-249.749 1120
-244.978 1130
-243.12 1140
-248.504 1150
-245.245 1160
-242.463 1170
-244.978 1180
-243.12 1190
-249.333 1200
-243.251 1210
-242.332 1220
-244.844 1230
-245.111 1240
-249.194 1250
-242.857 1260
-242.725 1270
-248.092 1280
-244.844 1290
-242.201 1300
-244.71 1310
-242.988 1320
-249.194 1330
-243.251 1340
-242.201 1350
-244.978 1360
-245.111 1370
-249.471 1380
-243.78 1390
-243.648 1400
-248.504 1410
-245.245 1420
-242.332 1430
-244.978 1440
-243.515 1450
-248.918 1460
-243.78 1470
-242.594 1480
-245.245 1490
-245.245 1500
-249.194 1510
-243.251 1520
-242.594 1530
-248.918 1540
-245.245 1550
-249.471 1560
-244.978 1570
-243.383 1580
-248.642 1590
-243.383 1600
-242.594 1610
-244.978 1620
-243.251 1630
-250.167 1640
-243.251 1650
-242.463 1660
-248.504 1670
-244.978 1680
-249.194 1690
-244.71 1700
-242.988 1710
-248.642 1720
-245.111 1730
-242.332 1740
-244.844 1750
-243.12 1760
-249.61 1770
-243.383 1780
-242.201 1790
-248.642 1800
-244.978 1810
-249.471 1820
-243.78 1830
-243.515 1840
-248.642 1850
-245.111 1860
-242.463 1870
-245.111 1880
-243.515 1890
-249.471 1900
-243.648 1910
-242.594 1920
-245.379 1930
-245.379 1940
-249.61 1950
-243.78 1960
-243.78 1970
