0 0
-12.0947465734875 0.01
-14.2155404996278 0.02
-16.2301191400583 0.03
-18.1438020530723 0.04
-19.9616423786202 0.05
-21.688440181284 0.06
-23.3287551249993 0.07
-24.8869185129915 0.08
-34.2072 0.09
-34.2072 0.1
-34.2072 0.11
-34.2072 0.12
-34.2072 0.13
-34.2072 0.14
-33.8147208605892 0.15
-34.8477177848238 0.16
-35.8289793367093 0.17
-34.6724 0.18
-34.6724 0.19
-34.6724 0.2
-39.1827 0.21
-39.1827 0.22
-41.9399 0.23
-41.9399 0.24
-42.1018448313171 0.25
-45.9223 0.26
-45.471 0.27
-45.471 0.28
-46.2203 0.29
-46.2203 0.3
-45.3751978787868 0.31
-48.0461 0.32
-46.2604913583786 0.33
-46.6701693203096 0.34
-47.8872 0.35
-47.8566 0.36
-47.8566 0.37
-49.3565 0.38
-49.3565 0.39
-49.6954 0.4
-49.6954 0.41
-48.6239 0.42
-48.6239 0.43
-48.1286 0.44
-48.1286 0.45
-49.4054 0.46
-49.4054 0.47
-48.1028 0.48
-48.3776 0.49
-48.3776 0.5
-50.1115 0.51
-50.1115 0.52
-49.8887 0.53
-49.8887 0.54
-48.6503 0.55
-48.6503 0.56
-48.645 0.57
-48.645 0.58
-49.4653 0.59
-49.4653 0.6
-48.2165 0.61
-48.4821 0.62
-48.4821 0.63
-50.1844 0.64
-50.1844 0.65
-49.9498 0.66
-49.9498 0.67
-48.6556 0.68
-48.6556 0.69
-48.6239 0.7
-48.6239 0.71
-49.4653 0.72
-48.2061 0.73
-48.2061 0.74
-48.5031 0.75
-48.5031 0.76
-50.2406 0.77
-50.2406 0.78
-49.972 0.79
-49.972 0.8
-48.7295 0.81
-48.7295 0.82
-48.7084 0.83
-48.7084 0.84
-49.509 0.85
-48.2268 0.86
-48.2268 0.87
-48.545 0.88
-48.545 0.89
-50.2856 0.9
-50.2856 0.91
-50.0836 0.92
-50.0836 0.93
-48.809 0.94
-48.809 0.95
-48.7401 0.96
-49.5691 0.97
-49.5691 0.98
-48.2735 0.99
-48.2735 1
-48.5871 1.01
-48.5871 1.02
-50.078 1.03
-50.078 1.04
-49.922 1.05
-49.922 1.06
-48.7931 1.07
-48.7931 1.08
-48.809 1.09
-49.5965 1.1
-49.5965 1.11
-48.3463 1.12
-48.3463 1.13
-48.6714 1.14
-48.6714 1.15
-50.3476 1.16
-50.3476 1.17
-50.1451 1.18
-50.1451 1.19
-48.8888 1.2
-48.8675 1.21
-48.8675 1.22
-49.6514 1.23
-49.6514 1.24
-48.3828 1.25
-48.3828 1.26
-48.6714 1.27
-48.6714 1.28
-50.3929 1.29
-50.3929 1.3
-50.1563 1.31
-50.1563 1.32
-48.7507 1.33
-48.5661 1.34
-48.5661 1.35
-49.5691 1.36
-49.5691 1.37
-48.3515 1.38
-48.3515 1.39
-48.6503 1.4
-48.6503 1.41
-50.4099 1.42
-50.4099 1.43
-50.1339 1.44
-48.6029 1.45
-48.6029 1.46
-48.7348 1.47
-48.7348 1.48
-49.6789 1.49
