0 0
-28.5714 10
-28.5714 20
-28.5714 30
-28.5714 40
-28.5714 50
-28.5714 60
-28.5714 70
-28.5714 80
-28.5714 90
-28.5714 100
-28.5714 110
-28.5714 120
-28.5714 130
-29.339 140
-29.339 150
-29.339 160
-35.8265 170
-35.8265 180
-42.0696 190
-42.0696 200
-60.3143 210
-52.1253 220
-52.1253 230
-47.0488 240
-47.0488 250
-58.751 260
-71.8193 270
-85.2906 280
-88.9239 290
-89.8496 300
-90.7398 310
-92.118 320
-91.7602 330
-92.0613 340
-95.4485 350
-95.4891 360
-94.345 370
-94.2855 380
-95.3066 390
-94.009 400
-94.1076 410
-97.3534 420
-96.9957 430
-95.3269 440
-94.8234 450
-95.754 460
-94.5836 470
-94.484 480
-97.3745 490
-96.8491 500
-95.3269 510
-95.8767 520
-94.6035 530
-94.484 540
-97.2268 550
-96.5367 560
-94.9236 570
-94.345 580
-95.3269 590
-94.0484 600
-94.1076 610
-97.4379 620
-96.9538 630
-95.5298 640
-95.1248 650
-96.0614 660
-94.8634 670
-94.7233 680
-97.7563 690
-97.1847 700
-94.8234 710
-95.5298 720
-94.4641 730
-94.5836 740
-97.735 750
-97.2479 760
-95.4891 770
-94.6434 780
-95.5298 790
-94.2261 800
-94.0878 810
-97.0586 820
-96.5574 830
-95.246 840
-94.9437 850
-96.0203 860
-94.9036 870
-94.9036 880
-97.4591 890
-95.8767 900
-95.2864 910
-96.1849 920
-95.004 930
-94.8835 940
-97.7775 950
-97.2058 960
-95.5501 970
-94.7633 980
-95.5705 990
-94.5636 1000
-94.6234 1010
-97.4167 1020
-96.7239 1030
-95.0845 1040
-94.6234 1050
-95.8358 1060
-94.7833 1070
-97.9269 1080
-97.3534 1090
-95.7949 1100
-95.1652 1110
-95.8562 1120
-94.7433 1130
-94.7433 1140
-97.6712 1150
-96.7656 1160
-95.1248 1170
-94.9437 1180
-95.9998 1190
-94.4641 1200
-94.1866 1210
-97.1847 1220
-96.6822 1230
-95.3674 1240
-95.8153 1250
-94.3846 1260
-94.2063 1270
-97.3111 1280
-96.9328 1290
-95.6723 1300
-95.3269 1310
-96.2675 1320
-95.004 1330
-94.9437 1340
-98.0553 1350
-97.4802 1360
-95.8358 1370
-95.3471 1380
-96.2675 1390
-95.0443 1400
-94.8634 1410
-97.9269 1420
-95.4891 1430
-94.8234 1440
-95.6927 1450
-94.345 1460
-94.4244 1470
-97.7775 1480
-97.1216 1490
-95.246 1500
-94.6434 1510
-95.5501 1520
-94.2459 1530
-94.1668 1540
-97.269 1550
-97.0376 1560
-95.5705 1570
-95.1854 1580
-96.1437 1590
-94.9437 1600
-97.5226 1610
-96.7031 1620
-95.3674 1630
-95.0644 1640
-95.9177 1650
-94.4045 1660
-94.4045 1670
-97.6924 1680
-97.0586 1690
-95.2662 1700
-94.6634 1710
-95.6112 1720
-94.4244 1730
-94.6833 1740
-97.7563 1750
-96.9538 1760
-95.2257 1770
-94.6634 1780
-95.6316 1790
-94.2657 1800
-97.5438 1810
-97.269 1820
-95.652 1830
-95.1652 1840
-95.9998 1850
-94.4641 1860
-94.2855 1870
-97.1637 1880
-96.5782 1890
-95.0241 1900
-94.5636 1910
-95.8972 1920
-94.7633 1930
-94.4045 1940
-97.3111 1950
-97.0376 1960
-95.652 1970
-96.2675 1980
-95.1047 1990
-95.0443 2000
-98.0553 2010
-97.4379 2020
-95.8972 2030
-95.3269 2040
-96.3088 2050
-95.0845 2060
-94.9839 2070
-97.8842 2080
-97.2268 2090
-95.3269 2100
-94.6833 2110
-95.6112 2120
-94.4045 2130
-94.3053 2140
-97.3534 2150
-95.5705 2160
-94.9236 2170
-95.6723 2180
-94.6434 2190
-94.8234 2200
-97.9269 2210
-97.4379 2220
-95.8972 2230
-95.3877 2240
-96.3708 2250
-95.1854 2260
-95.0845 2270
-98.0338 2280
-97.4167 2290
-95.8358 2300
-95.2864 2310
-96.2056 2320
-95.0241 2330
-98.1196 2340
-97.4591 2350
-95.8767 2360
-95.3066 2370
-96.2881 2380
-94.9638 2390
-94.6035 2400
-97.6287 2410
-97.29 2420
-95.7744 2430
-95.3066 2440
-96.2675 2450
-95.145 2460
-95.0443 2470
-98.0981 2480
-97.5014 2490
-95.5908 2500
-96.5367 2510
-95.246 2520
-94.9036 2530
-97.6074 2540
-97.0586 2550
-95.7131 2560
-95.4079 2570
-96.3915 2580
-95.1652 2590
-95.0241 2600
-98.1625 2610
-97.565 2620
-95.9998 2630
-95.5501 2640
-96.4952 2650
-95.246 2660
-98.184 2670
-97.5438 2680
-95.9177 2690
-95.4485 2700
-96.433 2710
-95.3066 2720
-95.145 2730
-98.0981 2740
-97.5438 2750
-96.0203 2760
-95.4688 2770
-96.433 2780
-95.2055 2790
-95.0644 2800
-98.141 2810
-97.5226 2820
-95.4891 2830
-96.4537 2840
-95.1248 2850
-94.7633 2860
-97.8842 2870
-97.565 2880
-95.9382 2890
-95.3674 2900
-96.4122 2910
-95.3877 2920
