0 0
-38.9684 10
-38.9684 20
-38.9684 30
-38.9684 40
-38.9684 50
-38.9684 60
-38.9684 70
-38.9684 80
-38.9684 90
-38.9684 100
-38.9684 110
-59.3728 120
-59.3728 130
-59.3728 140
-59.3728 150
-59.3728 160
-59.3728 170
-59.3728 180
-32.5901 190
-32.5901 200
-32.5901 210
-39.0736 220
-39.0736 230
-42.0184 240
-42.0184 250
-44.9023 260
-44.9023 270
-43.5136 280
-43.5136 290
-57.0555 300
-74.7251 310
-87.6047 320
-104.251 330
-119.68 340
-139.682 350
-146.189 360
-179.448 370
-200.178 380
-230.982 390
-251.287 400
-259.271 410
-269.549 420
-266.508 430
-266.825 440
-271.178 450
-269.226 460
-275.168 470
-270.687 480
-274.495 490
-267.62 500
-265.876 510
-268.903 520
-265.719 530
-270.687 540
-266.666 550
-270.524 560
-263.999 570
-262.917 580
-266.35 590
-264.466 600
-270.85 610
-267.461 620
-264.31 630
-268.42 640
-266.825 650
-272.826 660
-269.064 670
-274.159 680
-268.42 690
-266.666 700
-270.198 710
-268.26 720
-273.658 730
-269.711 740
-274.495 750
-268.26 760
-266.35 770
-270.035 780
-267.62 790
-273.491 800
-269.711 810
-274.327 820
-268.26 830
-266.508 840
-270.361 850
-268.1 860
-273.825 870
-269.873 880
-274.327 890
-267.94 900
-266.508 910
-270.035 920
-267.62 930
-273.325 940
-269.387 950
-274.159 960
-267.78 970
-267.62 980
-273.158 990
-269.226 1000
-273.658 1010
-267.62 1020
-266.35 1030
-269.549 1040
-267.461 1050
-273.658 1060
-269.711 1070
-274.327 1080
-267.94 1090
-266.666 1100
-269.873 1110
-267.94 1120
-273.491 1130
-269.387 1140
-273.992 1150
-267.94 1160
-266.192 1170
-270.035 1180
-268.1 1190
-273.825 1200
-269.873 1210
-274.159 1220
-267.78 1230
-266.35 1240
-269.711 1250
-267.301 1260
-273.158 1270
-269.226 1280
-273.992 1290
-268.26 1300
-267.62 1310
-273.491 1320
-269.387 1330
-273.992 1340
-267.461 1350
-266.034 1360
-269.549 1370
-267.461 1380
-273.491 1390
-269.387 1400
-274.159 1410
-268.1 1420
-266.35 1430
-269.711 1440
-267.301 1450
-273.325 1460
-269.549 1470
-273.992 1480
-267.62 1490
-266.192 1500
-269.711 1510
-267.78 1520
-273.825 1530
-269.549 1540
-274.159 1550
-267.78 1560
-266.192 1570
-270.198 1580
-267.78 1590
-273.992 1600
-269.711 1610
-274.327 1620
-268.1 1630
-267.461 1640
-273.325 1650
-269.226 1660
-273.992 1670
-267.78 1680
-266.192 1690
-269.549 1700
-267.301 1710
-273.325 1720
-268.903 1730
-273.658 1740
-267.142 1750
-265.719 1760
-269.387 1770
-267.461 1780
-274.327 1790
-269.711 1800
-274.327 1810
-268.26 1820
-266.508 1830
-270.198 1840
-267.94 1850
-273.825 1860
-269.711 1870
-274.159 1880
-267.94 1890
-267.142 1900
-269.873 1910
-267.301 1920
-273.491 1930
-269.387 1940
-273.992 1950
-269.711 1960
-267.62 1970
-273.658 1980
-269.387 1990
-273.992 2000
-267.62 2010
-266.35 2020
-270.198 2030
-267.94 2040
-273.658 2050
-269.387 2060
-274.159 2070
-267.78 2080
-266.35 2090
-269.873 2100
-267.62 2110
-273.825 2120
-269.711 2130
-274.495 2140
-268.42 2150
-266.508 2160
-270.198 2170
-267.78 2180
-273.658 2190
-269.711 2200
-274.327 2210
-268.26 2220
-266.983 2230
-270.361 2240
-267.94 2250
-273.658 2260
-269.873 2270
-274.159 2280
-268.1 2290
-266.825 2300
-274.159 2310
-270.524 2320
-274.999 2330
-268.42 2340
-266.825 2350
