0 0
-23.5652 10
-23.5652 20
-23.5652 30
-23.5652 40
-23.5652 50
-23.5652 60
-23.5652 70
-23.5652 80
-23.5652 90
-23.5652 100
-23.5652 110
-23.5652 120
-23.5652 130
-23.5652 140
-23.5652 150
-23.5652 160
-34.6376 170
-34.6376 180
-34.6376 190
-40.1718 200
-40.1718 210
-41.8032 220
-41.8032 230
-44.3346 240
-44.3346 250
-44.5502 260
-44.5502 270
-50.3476 280
-50.3476 290
-56.6022 300
-59.9678 310
-59.9678 320
-60.8046 330
-60.0159 340
-60.0159 350
-60.0641 360
-61.1359 370
-61.1359 380
-59.9278 390
-60.2496 400
-60.2496 410
-62.5417 420
-62.3765 430
-62.3765 440
-60.7552 450
-60.5994 460
-61.5299 470
-61.5299 480
-60.0963 490
-60.4524 500
-60.4524 510
-62.6552 520
-62.3765 530
-62.3765 540
-60.8458 550
-60.7224 560
-60.7224 570
-61.6482 580
-60.3062 590
-60.3062 600
-60.6239 610
-62.7252 620
-62.7252 630
-62.4459 640
-60.8623 650
-60.8623 660
-60.6895 670
-61.5805 680
-61.5805 690
-60.2172 700
-60.5421 710
-60.5421 720
-62.6377 730
-62.4199 740
-62.4199 750
-60.8871 760
-60.7141 770
-60.7141 780
-61.5974 790
-60.3224 800
-60.3224 810
-60.6731 820
-62.8746 830
-62.6115 840
-62.6115 850
-61.0279 860
-60.8294 870
-60.8294 880
-61.6821 890
-60.3224 900
-60.3224 910
-60.6567 920
-62.8482 930
-62.8482 940
-62.5765 950
-61.0694 960
-61.0694 970
-60.9036 980
-61.8095 990
-61.8095 1000
-60.4443 1010
-60.7799 1020
-60.7799 1030
-62.9628 1040
-62.734 1050
-62.734 1060
-61.2026 1070
-60.9947 1080
-60.9947 1090
-61.8777 1100
-60.4932 1110
-60.4932 1120
-60.7635 1130
-62.8834 1140
-62.6464 1150
-62.6464 1160
-61.111 1170
-60.945 1180
-60.945 1190
-61.8692 1200
-60.5095 1210
-60.5095 1220
-60.8211 1230
-62.954 1240
-62.954 1250
-62.6377 1260
-61.1443 1270
-61.1443 1280
-61.003 1290
-61.946 1300
-61.946 1310
-60.5585 1320
-60.9367 1330
-60.9367 1340
-63.069 1350
-62.7252 1360
-62.7252 1370
-61.1443 1380
-60.9533 1390
-60.9533 1400
-61.8777 1410
-60.5421 1420
-60.8623 1430
-60.8623 1440
-63.0336 1450
-62.7077 1460
-62.7077 1470
-61.236 1480
-61.0445 1490
-61.0445 1500
-61.9631 1510
-60.6076 1520
-60.6076 1530
-60.9533 1540
-63.0513 1550
-63.0513 1560
-62.7515 1570
-61.1693 1580
-61.1693 1590
-60.9616 1600
-61.9204 1610
-61.9204 1620
-60.5667 1630
-60.9284 1640
-60.9284 1650
-63.1133 1660
-62.813 1670
-61.186 1680
-61.186 1690
-61.003 1700
-61.9289 1710
-61.9289 1720
-60.5503 1730
-60.8706 1740
-60.8706 1750
-63.0424 1760
-62.7866 1770
-62.7866 1780
-61.2193 1790
-61.0694 1800
-61.0694 1810
-62.0574 1820
-60.7059 1830
-60.7059 1840
-61.0445 1850
-63.1311 1860
-63.1311 1870
-62.7954 1880
-61.2193 1890
-61.2193 1900
-61.0528 1910
-62.0316 1920
-60.6157 1930
-60.6157 1940
-60.9119 1950
-63.0956 1960
-63.0956 1970
-62.7691 1980
-61.2695 1990
-61.2695 2000
-61.111 2010
-62.0231 2020
-62.0231 2030
-60.6239 2040
-60.9202 2050
-60.9202 2060
-63.007 2070
-62.7428 2080
-62.7428 2090
-61.2946 2100
-61.0445 2110
-61.0445 2120
-61.9888 2130
-60.583 2140
-60.583 2150
-60.9284 2160
-63.007 2170
-62.8042 2180
-62.8042 2190
-61.2778 2200
-61.111 2210
-61.111 2220
-62.0231 2230
-60.6321 2240
-60.6321 2250
-60.9698 2260
-63.1133 2270
-63.1133 2280
-62.8394 2290
-61.2444 2300
-61.2444 2310
-61.0777 2320
-62.0316 2330
-62.0316 2340
