250 0.015
0 0
18.0146 15
18.0146 30
18.0146 45
18.0146 60
18.0146 75
18.0146 90
18.0146 105
18.0146 120
18.0146 135
35.571 150
35.571 165
35.571 180
27.1374 195
37.4498 210
37.4498 225
38.8302 240
40.8407 255
40.8407 270
42.0657 285
42.6818 300
58.5364 315
74.5885 330
85.9933 345
120.064 360
156.758 375
186.688 390
208.453 405
206.82 420
219.784 435
210.506 450
220.54 465
209.133 480
219.784 495
210.803 510
221.629 525
211.998 540
213.612 555
211.698 570
212.399 585
210.014 600
211.001 615
209.133 630
211.398 645
210.112 660
213.004 675
213.51 690
212.802 705
212.399 720
212.098 735
211.798 750
211.798 765
212.399 780
212.198 795
213.105 810
210.605 825
213.004 840
210.506 855
212.399 870
209.915 885
211.798 900
209.523 915
211.798 930
209.915 945
212.701 960
210.407 975
220.107 990
210.407 1005
219.784 1020
209.915 1035
218.606 1050
210.309 1065
219.676 1080
210.506 1095
220.107 1110
216.393 1125
219.784 1140
215.251 1155
219.569 1170
215.873 1185
219.247 1200
215.976 1215
221.739 1230
216.497 1245
221.41 1260
216.289 1275
221.629 1290
216.602 1305
221.52 1320
216.602 1335
221.192 1350
210.506 1365
221.192 1380
210.803 1395
221.52 1410
210.704 1425
221.739 1440
211.001 1455
221.629 1470
211.1 1485
212.6 1500
211.001 1515
212.5 1530
210.407 1545
212.701 1560
210.407 1575
212.5 1590
213.307 1605
213.105 1620
213.105 1635
213.105 1650
212.903 1665
213.206 1680
212.6 1695
213.105 1710
212.802 1725
210.704 1740
212.802 1755
209.915 1770
212.5 1785
210.112 1800
212.6 1815
210.407 1830
212.701 1845
210.112 1860
219.462 1875
210.704 1890
219.784 1905
210.21 1920
219.354 1935
210.112 1950
219.676 1965
210.21 1980
220.215 1995
215.873 2010
220.107 2025
216.08 2040
219.784 2055
216.289 2070
219.676 2085
216.706 2100
221.52 2115
216.08 2130
221.192 2145
215.976 2160
221.41 2175
216.184 2190
221.41 2205
215.665 2220
221.301 2235
210.803 2250
221.52 2265
211.1 2280
221.52 2295
211.2 2310
221.848 2325
210.605 2340
221.192 2355
211.2 2370
212.903 2385
210.902 2400
212.5 2415
210.21 2430
212.5 2445
210.407 2460
211.998 2475
210.21 2490
211.898 2505
212.6 2520
212.802 2535
213.206 2550
212.903 2565
212.802 2580
212.098 2595
212.6 2610
212.6 2625
212.701 2640
210.902 2655
213.105 2670
210.407 2685
212.701 2700
210.014 2715
212.298 2730
210.605 2745
