350 0.015
0 0
28.0798 15
28.0798 30
28.0798 45
28.0798 60
28.0798 75
28.0798 90
28.0798 105
28.0798 120
28.0798 135
28.0798 150
28.0798 165
0.0539622 180
35.8408 195
35.8408 210
37.4124 225
40.0964 240
40.0964 255
42.4838 270
54.8051 285
68.5189 300
96.2056 315
103.865 330
146.523 345
172.35 360
224.849 375
246.052 390
269.711 405
261.843 420
261.386 435
272.66 450
267.142 465
261.843 480
262.456 495
269.387 510
277.894 525
266.983 540
264.466 555
278.411 570
263.071 585
263.999 600
272.495 615
268.1 630
263.999 645
264.31 660
262.763 675
278.239 690
263.689 705
262.149 720
273.992 735
261.69 750
264.934 765
273.658 780
269.387 795
277.379 810
266.034 825
262.302 840
277.55 855
262.917 870
261.386 885
273.825 900
262.763 915
265.404 930
265.248 945
270.035 960
277.55 975
264.934 990
261.843 1005
276.354 1020
262.763 1035
264.778 1050
274.327 1065
270.524 1080
265.719 1095
265.091 1110
270.035 1125
277.894 1140
265.876 1155
261.996 1170
274.327 1185
262.917 1200
265.876 1215
274.999 1230
270.524 1245
265.562 1260
265.248 1275
270.198 1290
277.55 1305
262.609 1320
261.996 1335
274.999 1350
263.534 1365
266.192 1380
274.999 1395
270.198 1410
266.034 1425
265.719 1440
270.687 1455
277.722 1470
263.38 1485
262.302 1500
274.663 1515
263.225 1530
266.034 1545
274.327 1560
269.711 1575
277.208 1590
265.091 1605
262.609 1620
277.722 1635
263.534 1650
262.456 1665
274.999 1680
263.844 1695
266.666 1710
274.999 1725
270.361 1740
277.208 1755
265.562 1770
263.844 1785
277.55 1800
263.225 1815
262.302 1830
275.168 1845
263.38 1860
265.719 1875
265.562 1890
270.687 1905
277.208 1920
265.404 1935
261.69 1950
277.036 1965
263.225 1980
262.763 1995
274.999 2010
269.711 2025
264.934 2040
265.248 2055
270.361 2070
277.55 2085
265.248 2100
262.302 2115
277.036 2130
263.071 2145
265.876 2160
274.831 2175
270.035 2190
265.719 2205
265.876 2220
270.035 2235
276.695 2250
264.934 2265
261.69 2280
274.495 2295
262.917 2310
265.562 2325
274.831 2340
270.035 2355
265.719 2370
265.562 2385
269.873 2400
277.036 2415
262.763 2430
262.149 2445
273.825 2460
263.071 2475
265.404 2490
274.999 2505
269.873 2520
266.034 2535
265.719 2550
262.302 2565
276.865 2580
262.763 2595
261.843 2610
274.495 2625
263.071 2640
265.404 2655
274.999 2670
270.361 2685
277.208 2700
264.934 2715
262.456 2730
277.208 2745
263.689 2760
262.302 2775
275.506 2790
264.155 2805
265.404 2820
265.248 2835
270.524 2850
277.208 2865
265.091 2880
261.996 2895
277.722 2910
263.071 2925
262.149 2940
274.327 2955
269.873 2970
264.934 2985
265.248 3000
188.888 3015
97.3956 3030
60.9119 3045
60.9119 3060
28.9735 3075
28.9735 3090
28.9735 3105
28.9735 3120
28.9735 3135
28.9735 3150
28.9735 3165
28.9735 3180
28.9735 3195
28.9735 3210
28.9735 3225
28.9735 3240
28.9735 3255
28.9735 3270
28.9735 3285
28.9735 3300
28.9735 3315
28.9735 3330
28.9735 3345
28.9735 3360
28.9735 3375
28.9735 3390
