150 0.015
0 0
22.5493 15
22.5493 30
22.5493 45
22.5493 60
22.5493 75
22.5493 90
22.5493 105
22.5493 120
22.5493 135
22.5493 150
22.5493 165
8.91164 180
37.1953 195
37.1953 210
38.8167 225
41.3183 240
41.3183 255
43.4504 270
56.3605 285
69.2164 300
97.4802 315
105.674 330
135.262 345
134.05 360
136.912 375
144.448 390
140.822 405
142.205 420
149.899 435
142.793 450
142.748 465
149.351 480
142.07 495
144.077 510
149.6 525
145.809 540
143.662 555
149.103 570
145.998 585
143.984 600
143.524 615
146.046 630
143.754 645
143.203 660
145.951 675
148.56 690
143.892 705
146.379 720
148.806 735
143.708 750
142.566 765
147.972 780
143.203 795
141.98 810
148.216 825
141.488 840
142.34 855
147.874 870
141.845 885
142.25 900
149.301 915
141.98 930
142.884 945
149.103 960
141.935 975
143.57 990
149.053 1005
141.756 1020
143.662 1035
149.45 1050
146.427 1065
144.448 1080
149.799 1095
146.475 1110
144.03 1125
143.249 1140
145.903 1155
148.07 1170
143.158 1185
145.619 1200
147.874 1215
143.112 1230
142.16 1245
147.874 1260
143.295 1275
142.566 1290
148.905 1305
142.115 1320
142.521 1335
148.118 1350
142.25 1365
142.205 1380
149.202 1395
141.935 1410
142.521 1425
149.55 1440
142.34 1455
143.846 1470
149.799 1485
142.476 1500
144.308 1515
149.749 1530
146.236 1545
143.846 1560
149.749 1575
145.856 1590
143.8 1605
143.754 1620
146.332 1635
144.216 1650
143.938 1665
145.951 1680
148.56 1695
143.754 1710
142.748 1725
148.658 1740
143.984 1755
142.975 1770
149.053 1785
142.521 1800
142.793 1815
148.56 1830
142.431 1845
142.657 1860
149.4 1875
142.16 1890
142.566 1905
149.65 1920
141.935 1935
143.708 1950
149.152 1965
142.025 1980
143.616 1995
149.053 2010
145.903 2025
143.8 2040
149.251 2055
145.903 2070
144.077 2085
143.386 2100
145.525 2115
148.167 2130
143.478 2145
145.856 2160
148.216 2175
143.616 2190
142.93 2205
148.757 2220
143.158 2235
142.34 2250
148.609 2265
142.34 2280
142.476 2295
148.314 2310
142.431 2325
143.021 2340
150.05 2355
142.657 2370
143.249 2385
149.6 2400
142.431 2415
143.984 2430
149.251 2445
141.845 2460
143.478 2475
149.351 2490
145.667 2505
143.754 2520
149.202 2535
145.667 2550
143.386 2565
143.112 2580
145.619 2595
143.386 2610
142.975 2625
145.903 2640
148.609 2655
143.34 2670
145.761 2685
148.511 2700
143.34 2715
142.205 2730
148.167 2745
142.16 2760
142.657 2775
148.412 2790
142.115 2805
142.16 2820
148.905 2835
141.801 2850
142.521 2865
149.55 2880
142.205 2895
144.448 2910
149.899 2925
142.612 2940
143.892 2955
149.351 2970
145.998 2985
143.846 3000
133.492 3015
74.1571 3030
32.5996 3045
32.5996 3060
32.5996 3075
32.5996 3090
32.5996 3105
32.5996 3120
32.5996 3135
32.5996 3150
32.5996 3165
32.5996 3180
32.5996 3195
32.5996 3210
32.5996 3225
32.5996 3240
32.5996 3255
32.5996 3270
32.5996 3285
32.5996 3300
32.5996 3315
32.5996 3330
32.5996 3345
32.5996 3360
32.5996 3375
32.5996 3390
32.5996 3405
32.5996 3420
32.5996 3435
32.5996 3450
32.5996 3465
32.5996 3480
32.5996 3495
32.5996 3510
32.5996 3525
32.5996 3540
32.5996 3555
32.5996 3570
32.5996 3585
32.5996 3600
32.5996 3615
32.5996 3630
32.5996 3645
32.5996 3660
32.5996 3675
32.5996 3690
32.5996 3705
32.5996 3720
32.5996 3735
32.5996 3750
32.5996 3765
32.5996 3780
32.5996 3795
32.5996 3810
32.5996 3825
32.5996 3840
32.5996 3855
32.5996 3870
32.5996 3885
32.5996 3900
32.5996 3915
32.5996 3930
32.5996 3945
32.5996 3960
32.5996 3975
32.5996 3990
32.5996 4005
32.5996 4020
32.5996 4035
32.5996 4050
32.5996 4065
32.5996 4080
32.5996 4095
32.5996 4110
32.5996 4125
32.5996 4140
32.5996 4155
32.5996 4170
32.5996 4185
32.5996 4200
32.5996 4215
32.5996 4230
32.5996 4245
32.5996 4260
32.5996 4275
32.5996 4290
32.5996 4305
32.5996 4320
32.5996 4335
32.5996 4350
32.5996 4365
32.5996 4380
32.5996 4395
32.5996 4410
32.5996 4425
32.5996 4440
32.5996 4455
32.5996 4470
32.5996 4485
32.5996 4500
32.5996 4515
32.5996 4530
32.5996 4545
32.5996 4560
32.5996 4575
32.5996 4590
32.5996 4605
32.5996 4620
32.5996 4635
32.5996 4650
32.5996 4665
32.5996 4680
32.5996 4695
32.5996 4710
32.5996 4725
32.5996 4740
32.5996 4755
32.5996 4770
32.5996 4785
32.5996 4800
32.5996 4815
32.5996 4830
32.5996 4845
32.5996 4860
32.5996 4875
32.5996 4890
32.5996 4905
32.5996 4920
32.5996 4935
32.5996 4950
32.5996 4965
32.5996 4980
32.5996 4995
32.5996 5010
32.5996 5025
32.5996 5040
32.5996 5055
32.5996 5070
32.5996 5085
32.5996 5100
32.5996 5115
32.5996 5130
32.5996 5145
32.5996 5160
32.5996 5175
32.5996 5190
32.5996 5205
32.5996 5220
32.5996 5235
32.5996 5250
32.5996 5265
32.5996 5280
32.5996 5295
32.5996 5310
32.5996 5325
32.5996 5340
32.5996 5355
32.5996 5370
32.5996 5385
32.5996 5400
32.5996 5415
32.5996 5430
32.5996 5445
32.5996 5460
32.5996 5475
32.5996 5490
32.5996 5505
32.5996 5520
32.5996 5535
32.5996 5550
32.5996 5565
32.5996 5580
32.5996 5595
32.5996 5610
32.5996 5625
32.5996 5640
32.5996 5655
32.5996 5670
32.5996 5685
32.5996 5700
32.5996 5715
32.5996 5730
32.5996 5745
32.5996 5760
32.5996 5775
32.5996 5790
