0 0
0 50
0 100
0.00890843 150
37.6414 200
50.7175 250
116.936 300
286.406 350
362.227 400
361.643 450
361.061 500
372.138 550
372.447 600
362.812 650
367.266 700
367.567 750
383.917 800
384.246 850
380.984 900
380.984 950
368.472 1000
363.694 1050
363.4 1100
373.377 1150
373.688 1200
362.812 1250
362.519 1300
368.17 1350
384.905 1400
384.575 1450
380.984 1500
380.984 1550
367.266 1600
367.266 1650
363.694 1700
363.694 1750
373.999 1800
374.311 1850
363.989 1900
368.775 1950
368.472 2000
384.905 2050
384.905 2100
383.261 2150
380.984 2200
367.868 2250
