0 0
0 50
0 100
0 150
39.1964 200
50.6946 250
123.06 300
257.93 350
286.589 400
284.952 450
299 500
282.797 550
283.154 600
295.651 650
299 700
281.732 750
282.975 800
297.218 850
286.406 900
290.673 950
285.859 1000
299.799 1050
283.154 1100
284.59 1150
296.825 1200
287.139 1250
291.617 1300
286.956 1350
299.399 1400
284.05 1450
283.87 1500
286.406 1550
300.602 1600
284.59 1650
284.05 1700
296.629 1750
287.692 1800
291.997 1850
286.589 1900
300.401 1950
283.512 2000
284.771 2050
298.602 2100
288.061 2150
292.377 2200
287.692 2250
300.804 2300
