0 0
0 50
0 100
-35.818 150
-49.1242 200
-98.2915 250
-244.444 300
-287.876 350
-278.584 400
-278.239 450
-277.208 500
-293.333 550
-291.617 600
-278.757 650
-285.859 700
-282.441 750
-292.377 800
-280.324 850
-286.406 900
-282.619 950
-294.488 1000
-280.499 1050
-286.224 1100
-278.066 1150
-294.294 1200
-280.149 1250
-286.956 1300
-278.239 1350
-294.488 1400
-280.85 1450
-279.451 1500
-277.894 1550
-294.488 1600
-292.95 1650
-279.8 1700
-278.239 1750
-283.154 1800
-293.141 1850
-279.8 1900
-278.411 1950
-282.797 2000
-293.141 2050
-279.8 2100
-287.323 2150
-283.512 2200
-293.141 2250
-279.626 2300
