0 0
0 50
0 100
-0.0152664 150
-44.9834 200
-47.3167 250
-98.141 300
-113.534 350
-115.018 400
-115.313 450
-120.386 500
-120.483 550
-121.297 600
-116.632 650
-116.753 700
-114.782 750
-114.929 800
-118.542 850
-118.73 900
-115.432 950
-115.64 1000
-116.029 1050
-116.089 1100
-120.937 1150
-121.035 1200
-121.824 1250
-121.857 1300
-117.21 1350
-117.241 1400
-115.462 1450
-115.372 1500
-119.14 1550
-119.076 1600
-115.909 1650
-115.969 1700
-116.029 1750
-116.36 1800
-116.511 1850
-121.494 1900
-121.461 1950
-122.289 2000
-122.122 2050
-117.487 2100
-117.548 2150
-115.64 2200
-115.759 2250
-119.361 2300
-119.33 2350
-116.179 2400
-116.149 2450
-116.632 2500
-116.753 2550
-121.56 2600
-121.692 2650
-121.56 2700
-122.455 2750
-122.422 2800
-117.702 2850
-117.671 2900
-115.849 2950
