0 0
0 50
0 100
0.013498 150
36.7056 200
40.5566 250
57.8275 300
130.541 350
177.111 400
181.553 450
177.813 500
190.411 550
185.072 600
188.809 650
178.378 700
181.626 750
181.847 800
180.894 850
181.847 900
178.876 950
190.169 1000
184.767 1050
188.413 1100
178.378 1150
181.04 1200
181.7 1250
181.333 1300
181.7 1350
178.662 1400
190.008 1450
185.148 1500
188.888 1550
178.166 1600
180.894 1650
181.553 1700
178.236 1750
181.995 1800
179.018 1850
190.169 1900
184.387 1950
188.334 2000
177.813 2050
180.313 2100
181.553 2150
178.236 2200
190.33 2250
178.236 2300
189.767 2350
184.615 2400
188.413 2450
178.378 2500
180.458 2550
181.406 2600
178.236 2650
189.767 2700
184.085 2750
188.492 2800
184.539 2850
