0 0
0 50
0 100
0 150
36.5382 200
42.7305 250
65.4321 300
141.532 350
219.569 400
212.399 450
211.698 500
226.552 550
215.458 600
220.648 650
216.08 700
225.527 750
212.098 800
211.998 850
227.01 900
214.634 950
220.107 1000
215.873 1050
224.063 1100
210.506 1150
211.299 1200
226.209 1250
214.942 1300
219.462 1350
215.561 1400
223.952 1450
210.902 1500
211.398 1550
226.209 1600
214.326 1650
219.14 1700
215.873 1750
224.063 1800
211.001 1850
212.098 1900
226.552 1950
214.224 2000
219.569 2050
214.634 2100
223.505 2150
210.902 2200
211.1 2250
