0 0
0 50
0 100
0 150
37.3875 200
40.6521 250
66.5183 300
143.021 350
249.471 400
279.8 450
268.742 500
270.687 550
283.512 600
274.327 650
267.461 700
278.584 750
264.934 800
285.133 850
288.431 900
273.992 950
268.1 1000
268.42 1050
272.495 1100
284.771 1150
288.246 1200
272.992 1250
279.278 1300
267.62 1350
271.835 1400
284.59 1450
273.658 1500
266.35 1550
278.757 1600
267.78 1650
271.67 1700
287.876 1750
273.825 1800
267.301 1850
279.104 1900
268.1 1950
284.23 2000
288.802 2050
273.825 2100
267.461 2150
278.411 2200
271.014 2250
284.23 2300
287.876 2350
274.159 2400
268.1 2450
267.78 2500
271.67 2550
284.23 2600
288.431 2650
273.491 2700
279.8 2750
265.404 2800
