0 0
0 50
0 100
0 150
30.7924 200
32.1812 250
35.5344 300
34.5496 350
35.6048 400
36.3488 450
34.9477 500
36.0626 550
35.6643 600
36.051 650
35.0104 700
35.5964 750
36.2578 800
34.8961 850
35.8523 900
35.7438 950
36.1701 1000
34.9777 1050
35.6473 1100
36.5174 1150
35.1173 1200
36.0858 1250
36.0221 1300
36.4226 1350
35.2082 1400
35.8924 1450
36.7446 1500
35.3274 1550
36.1585 1600
36.0163 1650
36.5591 1700
35.3663 1750
36.0394 1800
36.8896 1850
36.6786 1900
35.3468 1950
35.9615 2000
36.7838 2050
35.4838 2100
36.3165 2150
36.2285 2200
36.7206 2250
35.4026 2300
36.1468 2350
37.0663 2400
35.5851 2450
36.4403 2500
36.3429 2550
36.8351 2600
35.495 2650
36.2168 2700
37.0418 2750
35.5091 2800
36.3989 2850
36.3341 2900
36.9443 2950
35.6331 3000
36.2959 3050
36.9534 3100
