0 0
0 50
0.0070898 100
15.6381 150
43.0544 200
45.605 250
132.938 300
146.189 350
143.57 400
141.265 450
145.714 500
141.265 550
143.432 600
148.757 650
149.699 700
143.158 750
141.265 800
145.714 850
141.176 900
143.066 950
148.855 1000
149.899 1050
143.112 1100
141.443 1150
146.141 1200
141.265 1250
143.386 1300
149.251 1350
150.351 1400
143.8 1450
140.999 1500
146.093 1550
141.221 1600
143.249 1650
149.251 1700
150.15 1750
143.57 1800
141.532 1850
146.046 1900
141.309 1950
143.203 2000
149.152 2050
150.2 2100
