0 0
0 50
0 100
25.0544 150
34.4435 200
38.6729 250
75.2387 300
89.9036 350
90.9974 400
96.7656 450
94.009 500
93.4219 550
93.0732 600
97.6074 650
95.0443 700
93.6168 750
93.2279 800
97.8842 850
95.145 900
93.9696 950
93.6559 1000
97.991 1050
95.1652 1100
94.345 1150
93.95 1200
98.464 1250
98.0124 1300
94.6035 1350
94.1273 1400
98.7239 1450
98.2055 1500
94.6035 1550
94.2063 1600
94.8835 1650
98.141 1700
94.7633 1750
96.6822 1800
95.1047 1850
98.4208 1900
94.9437 1950
96.8283 2000
95.1854 2050
98.5289 2100
96.2056 2150
96.9119 2200
95.4282 2250
99.3138 2300
96.3088 2350
97.0166 2400
94.8634 2450
99.512 2500
96.3088 2550
94.9839 2600
94.6634 2650
99.4458 2700
98.898 2750
95.2055 2800
94.8033 2850
95.4688 2900
98.8762 2950
95.2257 3000
97.1637 3050
95.6723 3100
99.1383 3150
96.3915 3200
