0 0
0 50
0 100
11.0408 150
37.8318 200
42.9103 250
95.9177 300
187.312 350
257.339 400
259.122 450
258.674 500
254.565 550
255.435 600
244.444 650
244.178 700
244.444 750
244.844 800
241.16 850
241.16 900
241.031 950
251.147 1000
251.851 1050
251.428 1100
241.42 1150
240.256 1200
241.031 1250
245.783 1300
245.917 1350
245.917 1400
259.571 1450
258.823 1500
260.173 1550
259.271 1600
255.726 1650
255.29 1700
255.29 1750
244.045 1800
243.78 1850
244.978 1900
241.16 1950
238.596 2000
241.16 2050
251.147 2100
250.866 2150
251.147 2200
241.29 2250
