0 0
0 50
0 100
-33.2715 150
-40.1826 200
-41.4595 250
-84.029 300
-93.6168 350
-92.3265 400
-93.1892 450
-95.3066 500
-95.9792 550
-92.4787 600
-93.0346 650
-94.8033 700
-93.1311 750
-94.1076 800
-93.7733 850
-95.4891 900
-92.9768 950
-94.8434 1000
-93.9303 1050
-95.652 1100
-92.8998 1150
-94.8434 1200
-94.147 1250
-96.3295 1300
-93.286 1350
-94.8634 1400
-93.9303 1450
-96.7865 1500
-93.4608 1550
-94.9839 1600
-94.5636 1650
-96.433 1700
-93.9106 1750
-95.0443 1800
-94.8033 1850
-97.1426 1900
-94.0287 1950
-95.4079 2000
-95.004 2050
-97.4379 2100
-94.3846 2150
-95.6316 2200
-94.6833 2250
-97.0796 2300
-93.7537 2350
-93.891 2400
-94.2855 2450
-97.1637 2500
-94.4244 2550
-94.3648 2600
-94.6833 2650
-96.8283 2700
-94.484 2750
-94.8033 2800
-95.0241 2850
-96.9119 2900
-94.5437 2950
-94.7033 3000
-94.9036 3050
-97.2479 3100
-94.6634 3150
-94.9437 3200
-94.8033 3250
-97.5014 3300
-94.4244 3350
-95.7744 3400
-95.4079 3450
-97.0586 3500
-94.5437 3550
-95.8562 3600
-95.5501 3650
-97.4167 3700
-94.2855 3750
-95.5298 3800
-95.4079 3850
-97.735 3900
-94.8634 3950
-95.9792 4000
-94.9036 4050
-97.3322 4100
-94.4442 4150
-95.7744 4200
-95.4688 4250
-97.7775 4300
-94.6634 4350
-96.0203 4400
-95.6723 4450
-97.6499 4500
-94.7233 4550
-95.9382 4600
-95.5298 4650
-97.1426 4700
-94.7033 4750
-95.8358 4800
-95.4891 4850
-97.1006 4900
-94.6035 4950
-95.9382 5000
-94.5636 5050
-97.1426 5100
-94.6833 5150
-95.9587 5200
-95.145 5250
-97.2058 5300
-94.8033 5350
-94.8835 5400
-95.1047 5450
-97.269 5500
-94.7633 5550
-94.8434 5600
-95.145 5650
-96.6198 5700
-94.3251 5750
-94.6634 5800
