0 0
0 50
0 100
-55.2776 150
-31.1818 200
-44.4531 250
-73.3092 300
-163.378 350
-184.539 400
-180.096 450
-177.813 500
-180.531 550
-181.113 600
-185.838 650
-182.439 700
-185.072 750
-180.603 800
-180.024 850
-182.81 900
-180.168 950
-182.142 1000
-180.676 1050
-184.843 1100
-182.29 1150
-185.761 1200
-181.113 1250
-180.096 1300
-182.364 1350
-181.26 1400
-184.843 1450
-182.439 1500
-185.915 1550
-181.626 1600
-180.385 1650
-182.587 1700
-181.333 1750
-184.995 1800
-181.921 1850
-184.843 1900
-182.29 1950
-185.992 2000
-181.48 2050
-180.313 2100
-182.587 2150
-181.186 2200
-185.072 2250
-182.587 2300
-186.069 2350
-181.553 2400
-180.385 2450
-182.661 2500
-181.333 2550
-182.661 2600
-181.553 2650
-185.072 2700
-182.661 2750
-185.838 2800
-181.847 2850
-180.385 2900
-182.587 2950
-181.406 3000
-185.072 3050
-182.736 3100
-186.069 3150
-181.553 3200
-180.458 3250
-181.847 3300
-180.531 3350
-182.661 3400
-181.333 3450
-185.301 3500
-182.513 3550
-185.684 3600
-181.553 3650
-180.385 3700
-182.81 3750
-181.333 3800
-185.224 3850
-182.661 3900
-186.069 3950
-182.587 4000
-186.069 4050
-181.48 4100
-180.531 4150
-182.885 4200
-181.333 4250
-185.148 4300
-182.364 4350
-185.838 4400
-181.774 4450
-180.676 4500
-183.034 4550
-181.553 4600
-185.148 4650
-181.553 4700
-184.995 4750
-182.216 4800
-186.146 4850
-181.7 4900
-180.458 4950
-182.587 5000
-181.48 5050
-185.608 5100
-182.587 5150
-185.915 5200
-181.7 5250
