0 0
0 50
-0.0112922 100
-31.943 150
-41.3145 200
-58.0368 250
-125.608 300
-140.118 350
-140.645 400
-139.206 450
-139.292 500
-144.448 550
-144.727 600
-142.431 650
-141.087 700
-141.132 750
-142.295 800
-141.756 850
-140.91 900
-144.494 950
-143.984 1000
-142.612 1050
-142.566 1100
-141.756 1150
-142.431 1200
-141.532 1250
-141.221 1300
-145.336 1350
-144.308 1400
-142.612 1450
-142.93 1500
-141.756 1550
-142.612 1600
-141.756 1650
-141.488 1700
-145.384 1750
-144.587 1800
-144.681 1850
-142.702 1900
-142.07 1950
-142.884 2000
-142.025 2050
-141.488 2100
-145.572 2150
-144.727 2200
-142.793 2250
-142.612 2300
-141.89 2350
-142.93 2400
-141.845 2450
-141.488 2500
-145.336 2550
-144.634 2600
-142.612 2650
-142.839 2700
-142.205 2750
-143.021 2800
-142.025 2850
-141.443 2900
-145.619 2950
-144.681 3000
-142.884 3050
-142.975 3100
-142.295 3150
-142.748 3200
-141.756 3250
-141.265 3300
-145.336 3350
-144.541 3400
-142.748 3450
-142.93 3500
-142.205 3550
-142.612 3600
-141.666 3650
-141.221 3700
-145.384 3750
-144.494 3800
-142.975 3850
-142.115 3900
-142.07 3950
-142.748 4000
-141.89 4050
-141.399 4100
-145.525 4150
-144.727 4200
-142.748 4250
-142.115 4300
-142.115 4350
-142.793 4400
-141.845 4450
-141.399 4500
-145.431 4550
-144.448 4600
-142.884 4650
-141.98 4700
-142.205 4750
-142.793 4800
-141.666 4850
-141.087 4900
-145.148 4950
-144.634 5000
-142.612 5050
-142.07 5100
-141.935 5150
-142.975 5200
-141.935 5250
-141.354 5300
-145.289 5350
-144.681 5400
-142.884 5450
