0 0
0 50
0 100
-13.6119 150
-35.9701 200
-44.4575 250
-69.4735 300
-164.697 350
-270.524 400
-275.168 450
-270.687 500
-273.491 550
-270.035 600
-278.066 650
-278.411 700
-274.831 750
-272.164 800
-272.992 850
-272.329 900
-270.524 950
-278.411 1000
-277.894 1050
-274.327 1100
-273.325 1150
-271.835 1200
-270.524 1250
-278.239 1300
-277.379 1350
-273.658 1400
-271.67 1450
-273.158 1500
-271.506 1550
-270.85 1600
-278.239 1650
-277.55 1700
-274.495 1750
-273.992 1800
-271.342 1850
-270.035 1900
-278.239 1950
-277.722 2000
-274.327 2050
-271.835 2100
-273.325 2150
-271.342 2200
-270.524 2250
-278.239 2300
-277.208 2350
-273.325 2400
-271.835 2450
-273.158 2500
-271.506 2550
