0 0
0 50
0 100
-44.7457 150
-41.2613 200
-45.6236 250
-105.081 300
-201.617 350
-217.547 400
-212.802 450
-213.612 500
-214.839 550
-221.301 600
-216.184 650
-215.458 700
-219.247 750
-213.51 800
-216.497 850
-216.916 900
-220.757 950
-214.634 1000
-216.08 1050
-220.974 1100
-215.251 1150
-215.251 1200
-219.892 1250
-214.02 1300
-216.602 1350
-216.602 1400
-220.866 1450
-214.736 1500
-215.355 1550
-219.999 1600
-214.122 1650
-216.393 1700
-216.497 1750
-220.323 1800
-214.942 1850
-216.289 1900
-220.54 1950
-214.531 2000
-215.355 2050
-219.354 2100
-214.02 2150
-216.602 2200
-215.665 2250
-219.784 2300
-214.429 2350
-214.942 2400
-219.462 2450
-214.326 2500
-216.497 2550
-219.462 2600
-214.02 2650
-216.602 2700
-216.289 2750
-220.323 2800
-214.326 2850
-214.942 2900
-219.784 2950
-214.224 3000
-216.497 3050
-216.393 3100
-220.323 3150
-214.942 3200
-214.839 3250
-220.432 3300
-214.839 3350
-214.736 3400
-219.676 3450
-214.224 3500
-216.602 3550
-216.08 3600
-220.323 3650
-214.634 3700
-214.839 3750
-219.569 3800
-214.122 3850
-216.811 3900
-216.916 3950
-220.866 4000
-216.393 4050
-216.497 4100
-220.215 4150
-214.942 4200
-215.148 4250
-219.999 4300
-214.122 4350
-216.602 4400
-216.184 4450
-220.215 4500
-214.736 4550
-214.942 4600
-219.354 4650
-214.122 4700
-216.706 4750
-216.497 4800
-213.816 4850
-216.706 4900
-216.393 4950
-220.432 5000
-214.736 5050
-215.251 5100
-220.107 5150
