0 0
0 50
-44.9924 100
-33.4401 150
-40.9899 200
-56.7095 250
-143.249 300
-236.21 350
-246.864 400
-244.444 450
-242.988 500
-244.577 550
-247.272 600
-247.545 650
-250.306 700
-249.471 750
-250.027 800
-251.147 850
-251.287 900
-244.045 950
-243.78 1000
-243.912 1050
-245.245 1100
-245.111 1150
-247.136 1200
-246.593 1250
-246.593 1300
-244.978 1350
-244.978 1400
-246.593 1450
-246.593 1500
-250.027 1550
-249.888 1600
-250.167 1650
-250.446 1700
-250.167 1750
-243.515 1800
-243.515 1850
-243.912 1900
-244.844 1950
-244.577 2000
-246.593 2050
-246.457 2100
-244.844 2150
-244.844 2200
-244.844 2250
-246.187 2300
-246.457 2350
-249.471 2400
-249.61 2450
-250.446 2500
-250.306 2550
-250.586 2600
-243.515 2650
-243.515 2700
-245.111 2750
-244.577 2800
-246.457 2850
-246.322 2900
-244.178 2950
-244.444 3000
-244.311 3050
-246.052 3100
-246.052 3150
-249.888 3200
-249.61 3250
-250.306 3300
-250.446 3350
-250.306 3400
-243.251 3450
-243.515 3500
-244.444 3550
-244.577 3600
-246.728 3650
-246.728 3700
-246.457 3750
-244.577 3800
-244.577 3850
-246.457 3900
-246.457 3950
-250.027 4000
-250.306 4050
-249.749 4100
-250.167 4150
-250.446 4200
-243.515 4250
-243.648 4300
-244.577 4350
-244.978 4400
-244.577 4450
-246.593 4500
-246.864 4550
-244.577 4600
-244.71 4650
-244.577 4700
