0 0
0 50
0 100
-0.00572829 150
-24.6579 200
-28.3996 250
-31.0545 300
-30.2344 350
-31.5811 400
-31.018 450
-31.1191 500
-29.9939 550
-31.1991 600
-31.3276 650
-31.6837 700
-30.0642 750
-31.0502 800
-30.7628 850
-30.9239 900
-30.355 950
-31.2861 1000
-31.4505 1050
-31.3473 1100
-30.9111 1150
-31.6145 1200
-32.3599 1250
-31.6189 1300
-31.4131 1350
-32.5287 1400
-32.3086 1450
-32.4816 1500
-31.7195 1550
-33.051 1600
-32.4981 1650
-32.6494 1700
-31.8591 1750
-33.2001 1800
-32.0708 1850
-32.908 1900
-32.0205 1950
-33.2937 2000
-32.7208 2050
-32.9878 2100
-31.4836 2150
-33.1168 2200
-31.9703 2250
-33.0558 2300
-32.0182 2350
-33.4127 2400
-32.9104 2450
-33.2173 2500
-32.1627 2550
-33.5225 2600
-32.7997 2650
-32.3855 2700
-32.602 2750
-33.6734 2800
-32.5476 2850
-32.1766 2900
-33.8308 2950
-33.7291 3000
-33.2075 3050
-32.6067 3100
-33.9459 3150
-33.2715 3200
-33.6028 3250
-32.6922 3300
-33.6987 3350
-33.2345 3400
-33.5475 3450
-32.6922 3500
-33.9331 3550
-33.3432 3600
-33.7494 3650
-33.0121 3700
-33.7798 3750
-33.46 3800
-32.4676 3850
-32.8117 3900
-33.6709 3950
-33.1584 4000
-32.8766 4050
-34.3197 4100
-33.505 4150
-33.9177 4200
-33.0121 4250
-34.4092 4300
-33.5751 4350
-33.9742 4400
-33.2394 4450
-34.2542 4500
-33.2838 4550
-33.9536 4600
-33.2591 4650
-34.304 4700
-33.7088 4750
-33.0899 4800
-34.4567 4850
-33.6532 4900
-33.7265 4950
-33.129 5000
-34.523 5050
-33.5978 5100
-33.1731 5150
-32.3692 5200
-33.9896 5250
-33.5375 5300
-33.4475 5350
-32.3715 5400
-33.6129 5450
-33.0997 5500
-33.6759 5550
-32.4629 5600
-33.6709 5650
-32.8069 5700
-32.1927 5750
-33.7113 5800
-33.8078 5850
-33.6103 5900
-32.3133 5950
-33.9819 6000
-33.6987 6050
-33.2912 6100
-32.3296 6150
-33.6481 6200
-33.4475 6250
-34.0929 6300
-33.4152 6350
-33.841 6400
-33.0048 6450
-33.3135 6500
