370 0.015
0 0
28.9735 15
28.9735 30
28.9735 45
28.9735 60
28.9735 75
28.9735 90
28.9735 105
28.9735 120
28.9735 135
28.9735 150
28.9735 165
0.300061 180
0.300061 195
35.6813 210
37.3315 225
37.3315 240
41.2385 255
55.4347 270
63.3092 285
68.792 300
93.2279 315
124.77 330
142.975 345
178.591 360
219.14 375
242.332 390
276.354 405
271.67 420
274.999 435
281.732 450
275.168 465
270.524 480
271.014 495
279.278 510
288.246 525
277.894 540
283.333 555
291.05 570
276.524 585
279.626 600
286.224 615
272.826 630
270.035 645
287.692 660
275.844 675
273.992 690
289.922 705
276.354 720
272.329 735
287.323 750
272.495 765
271.506 780
288.431 795
274.159 810
272.66 825
289.361 840
273.491 855
272.164 870
285.677 885
273.825 900
272.992 915
285.133 930
273.158 945
276.014 960
286.589 975
274.495 990
276.524 1005
284.952 1020
273.158 1035
276.354 1050
285.133 1065
280.149 1080
275.844 1095
285.314 1110
280.675 1125
276.695 1140
285.133 1155
280.675 1170
276.184 1185
275.675 1200
281.202 1215
276.014 1230
275.844 1245
281.202 1260
276.354 1275
275.675 1290
281.202 1305
289.361 1320
276.354 1335
281.379 1350
288.431 1365
275.675 1380
280.499 1395
289.361 1410
276.524 1425
272.329 1440
287.692 1455
275.337 1470
272.329 1485
289.361 1500
275.506 1515
272.826 1530
289.175 1545
274.159 1560
272.164 1575
289.548 1590
273.825 1605
271.835 1620
288.802 1635
273.825 1650
272.495 1665
286.589 1680
273.491 1695
273.491 1710
286.406 1725
274.327 1740
272.66 1755
285.314 1770
273.825 1785
276.184 1800
286.224 1815
272.992 1830
277.208 1845
285.677 1860
280.675 1875
276.865 1890
286.406 1905
280.85 1920
276.354 1935
285.677 1950
280.85 1965
275.844 1980
274.999 1995
281.026 2010
276.524 2025
275.506 2040
280.85 2055
276.865 2070
275.675 2085
281.202 2100
288.061 2115
275.168 2130
279.8 2145
287.692 2160
275.506 2175
281.202 2190
289.361 2205
275.844 2220
272.826 2235
288.431 2250
275.337 2265
271.835 2280
287.876 2295
276.014 2310
272.495 2325
288.246 2340
273.825 2355
272.66 2370
288.431 2385
273.825 2400
271.835 2415
285.314 2430
273.992 2445
272.992 2460
285.859 2475
273.825 2490
272.495 2505
285.496 2520
274.327 2535
277.036 2550
285.859 2565
272.992 2580
276.354 2595
285.496 2610
273.658 2625
276.524 2640
286.041 2655
281.202 2670
276.184 2685
285.496 2700
281.555 2715
277.036 2730
285.677 2745
280.499 2760
275.844 2775
275.506 2790
280.149 2805
276.014 2820
274.327 2835
280.149 2850
288.061 2865
275.675 2880
280.324 2895
288.061 2910
275.337 2925
280.324 2940
288.246 2955
275.337 2970
272.164 2985
288.246 3000
181.847 3015
96.599 3030
58.1195 3045
58.1195 3060
22.5493 3075
22.5493 3090
22.5493 3105
22.5493 3120
22.5493 3135
22.5493 3150
22.5493 3165
22.5493 3180
22.5493 3195
22.5493 3210
22.5493 3225
22.5493 3240
22.5493 3255
22.5493 3270
22.5493 3285
22.5493 3300
22.5493 3315
22.5493 3330
22.5493 3345
22.5493 3360
22.5493 3375
22.5493 3390
22.5493 3405
22.5493 3420
