300 0.015
0 0
29.9339 15
29.9339 30
29.9339 45
29.9339 60
29.9339 75
29.9339 90
29.9339 105
29.9339 120
29.9339 135
29.9339 150
0.215015 165
34.7717 180
34.7717 195
37.8925 210
37.8925 225
40.0642 240
41.648 255
51.6217 270
67.7637 285
80.4011 300
116.814 315
136.579 330
169.23 345
191.385 360
225.527 375
235.59 390
237.209 405
249.61 420
244.178 435
249.056 450
236.584 465
240.256 480
241.031 495
239.359 510
250.586 525
246.187 540
252.418 555
238.343 570
239.871 585
239.232 600
237.334 615
249.333 630
246.187 645
252.276 660
239.487 675
242.071 690
241.16 705
237.46 720
247.818 735
244.311 750
251.147 765
239.232 780
241.549 795
241.29 810
244.978 825
251.71 840
239.232 855
241.29 870
241.031 885
238.343 900
249.333 915
245.917 930
252.418 945
239.615 960
241.68 975
240.901 990
238.216 1005
248.504 1020
245.648 1035
252.418 1050
239.104 1065
241.29 1080
240.514 1095
238.09 1110
249.749 1125
245.514 1140
251.851 1155
238.723 1170
241.031 1185
241.549 1200
245.917 1215
252.134 1230
238.85 1245
241.94 1260
241.29 1275
238.216 1290
249.056 1305
244.311 1320
251.287 1335
239.104 1350
242.201 1365
241.68 1380
238.723 1395
250.167 1410
245.917 1425
252.134 1440
238.469 1455
241.549 1470
241.68 1485
238.596 1500
249.61 1515
245.648 1530
251.569 1545
239.743 1560
238.343 1575
250.027 1590
245.379 1605
251.851 1620
239.487 1635
241.68 1650
241.42 1665
238.85 1680
250.167 1695
245.245 1710
251.851 1725
239.615 1740
241.94 1755
241.549 1770
238.469 1785
249.888 1800
245.379 1815
251.851 1830
239.615 1845
242.071 1860
241.42 1875
238.469 1890
249.471 1905
245.514 1920
241.549 1935
241.549 1950
238.09 1965
248.642 1980
244.978 1995
252.134 2010
239.743 2025
242.332 2040
241.81 2055
238.977 2070
249.888 2085
245.245 2100
251.569 2115
238.977 2130
241.549 2145
241.16 2160
238.09 2175
249.056 2190
245.111 2205
251.993 2220
239.743 2235
241.549 2250
240.901 2265
238.343 2280
251.993 2295
239.999 2310
241.94 2325
241.16 2340
238.596 2355
249.888 2370
245.379 2385
251.428 2400
238.596 2415
240.901 2430
241.29 2445
238.469 2460
249.749 2475
245.111 2490
251.851 2505
239.359 2520
241.68 2535
241.94 2550
239.359 2565
249.749 2580
245.783 2595
251.851 2610
239.615 2625
238.723 2640
249.749 2655
246.187 2670
252.56 2685
239.615 2700
241.81 2715
240.772 2730
237.837 2745
249.61 2760
245.514 2775
251.851 2790
239.871 2805
241.68 2820
241.42 2835
238.216 2850
249.333 2865
245.917 2880
251.851 2895
240.385 2910
242.071 2925
241.81 2940
